
Metadata,IonizationFreqs:-0.000025 0.000025 0.000005 541.433310 THz,CoolingFreq:607.427840,RepumpFreq:461.312180,WindowStart:160.000,WindowWidth:55.000
hLoopCount	AttemptCount	Freq553	IonTrapped	NeutralCounts	ydataAvg	ydataStD	BGydataAvg	BGydataStD
1	1	541.433285	False	2.000000	21.200000	4.142463	20.300000	3.822303
1	2	541.433290	False	15.000000	20.000000	4.024922	21.900000	4.721229
1	3	541.433295	True	14.000000	253.200000	16.308280	20.800000	5.173007
1	4	541.433300	False	18.000000	22.000000	4.711688	24.300000	4.473254
1	5	541.433305	False	18.000000	18.900000	2.981610	20.300000	6.450581
1	6	541.433310	False	16.000000	19.600000	2.374868	23.100000	5.734980
1	7	541.433315	False	15.000000	21.400000	5.083306	20.800000	3.789459
1	8	541.433320	False	17.000000	21.900000	3.389690	18.800000	3.944617
1	9	541.433325	False	8.000000	21.400000	6.902174	21.900000	4.085340
1	10	541.433330	False	10.000000	24.900000	6.300000	21.600000	5.388877
1	11	541.433335	False	16.000000	21.300000	5.780138	20.500000	3.471311
2	1	541.433285	False	15.000000	22.800000	4.643275	20.700000	2.900000
2	2	541.433290	False	13.000000	22.400000	5.553377	20.600000	2.615339
2	3	541.433295	False	24.000000	21.400000	5.607138	23.100000	3.176476
2	4	541.433300	False	20.000000	20.400000	3.773592	20.100000	4.060788
2	5	541.433305	False	24.000000	23.600000	2.289105	21.700000	3.257299
2	6	541.433310	False	28.000000	20.800000	4.707441	25.000000	5.656854
2	7	541.433315	False	17.000000	20.100000	3.884585	21.000000	5.215362
2	8	541.433320	False	9.000000	22.000000	4.024922	22.900000	4.657252
2	9	541.433325	False	6.000000	21.400000	5.407402	22.800000	3.091925
2	10	541.433330	False	9.000000	18.000000	3.820995	19.300000	4.712749
2	11	541.433335	False	7.000000	21.600000	3.440930	20.900000	3.419064
3	1	541.433285	False	7.000000	22.100000	4.109745	21.800000	2.891366
3	2	541.433290	False	8.000000	21.700000	5.532630	21.700000	3.377869
3	3	541.433295	False	21.000000	25.100000	3.562303	19.600000	3.611094
3	4	541.433300	False	16.000000	23.700000	4.796874	21.700000	5.119570
3	5	541.433305	False	21.000000	22.500000	5.572253	20.700000	5.216321
3	6	541.433310	False	19.000000	22.300000	4.980964	20.000000	4.171331
3	7	541.433315	True	25.000000	258.800000	11.608617	22.100000	4.988988
3	8	541.433320	False	18.000000	22.300000	4.960847	21.700000	3.579106
3	9	541.433325	False	3.000000	19.900000	4.928489	22.000000	4.753946
3	10	541.433330	False	9.000000	24.100000	4.300000	20.700000	4.859012
3	11	541.433335	False	14.000000	21.700000	3.925557	21.200000	6.305553
4	1	541.433285	False	10.000000	20.400000	4.340507	19.600000	4.715930
4	2	541.433290	False	12.000000	19.700000	4.517743	19.300000	4.124318
4	3	541.433295	False	15.000000	20.800000	5.306600	23.300000	3.925557
4	4	541.433300	False	21.000000	21.500000	3.528456	24.700000	5.423099
4	5	541.433305	False	15.000000	22.600000	7.901899	19.600000	3.773592
4	6	541.433310	False	16.000000	20.300000	4.605432	20.300000	3.796051
4	7	541.433315	True	15.000000	259.100000	8.814193	19.900000	5.048762
4	8	541.433320	False	21.000000	21.200000	4.707441	23.600000	3.852272
4	9	541.433325	False	8.000000	24.900000	5.356305	20.400000	5.885576
4	10	541.433330	False	12.000000	21.700000	3.634556	20.500000	5.661272
4	11	541.433335	False	8.000000	20.600000	5.200000	19.700000	5.330103
5	1	541.433285	False	8.000000	22.500000	6.711930	21.600000	3.720215
5	2	541.433290	False	9.000000	19.100000	4.229657	20.600000	4.340507
5	3	541.433295	False	10.000000	23.100000	5.223983	21.000000	3.521363
5	4	541.433300	False	17.000000	20.500000	4.455334	20.100000	3.112876
5	5	541.433305	False	21.000000	22.600000	3.527038	22.000000	3.193744
5	6	541.433310	False	18.000000	20.200000	4.354308	19.700000	4.428318
5	7	541.433315	False	14.000000	18.700000	3.132092	19.300000	4.337050
5	8	541.433320	False	15.000000	21.600000	3.929377	20.700000	6.067125
5	9	541.433325	False	16.000000	20.800000	4.190465	19.900000	4.060788
5	10	541.433330	False	10.000000	19.500000	4.759202	20.600000	3.611094
5	11	541.433335	False	7.000000	19.600000	4.340507	22.000000	4.049691
6	1	541.433285	False	16.000000	21.100000	3.534119	20.800000	2.821347
6	2	541.433290	False	10.000000	18.700000	2.794638	19.200000	5.400000
6	3	541.433295	False	7.000000	21.400000	4.586938	21.700000	4.670118
6	4	541.433300	False	12.000000	22.200000	4.331282	17.200000	4.142463
6	5	541.433305	False	19.000000	21.500000	4.080441	20.000000	3.633180
6	6	541.433310	False	18.000000	21.900000	6.300000	17.700000	3.551056
6	7	541.433315	False	15.000000	19.700000	4.360046	22.600000	3.231099
6	8	541.433320	False	12.000000	21.000000	5.157519	20.900000	4.109745
6	9	541.433325	False	20.000000	19.900000	2.662705	24.600000	4.054627
6	10	541.433330	False	7.000000	18.600000	4.079216	20.500000	6.135960
6	11	541.433335	False	17.000000	17.100000	3.590265	22.100000	5.068530
7	1	541.433285	False	18.000000	19.300000	3.848376	23.900000	5.647123
7	2	541.433290	False	14.000000	21.400000	5.023943	20.800000	4.166533
7	3	541.433295	False	11.000000	19.900000	3.590265	21.300000	5.916925
7	4	541.433300	False	13.000000	21.300000	3.465545	19.200000	4.044750
7	5	541.433305	False	17.000000	19.700000	3.287856	19.900000	3.858756
7	6	541.433310	False	18.000000	19.600000	4.779121	21.600000	4.923413
7	7	541.433315	False	17.000000	20.400000	3.954744	20.100000	5.485435
7	8	541.433320	False	9.000000	21.600000	4.608687	19.700000	3.436568
7	9	541.433325	False	13.000000	19.900000	6.774216	19.900000	3.806573
7	10	541.433330	False	13.000000	22.300000	4.517743	18.300000	3.465545
7	11	541.433335	False	7.000000	20.300000	3.163858	21.700000	3.287856
8	1	541.433285	False	8.000000	21.700000	5.967411	19.700000	4.360046
8	2	541.433290	False	4.000000	21.400000	4.862098	20.000000	5.531727
8	3	541.433295	False	21.000000	18.900000	5.467175	20.300000	5.273519
8	4	541.433300	False	11.000000	19.900000	4.134005	20.300000	3.796051
8	5	541.433305	False	19.000000	22.200000	2.271563	18.900000	4.109745
8	6	541.433310	False	15.000000	20.100000	4.742362	24.800000	5.491812
8	7	541.433315	False	12.000000	17.200000	4.664762	21.000000	4.669047
8	8	541.433320	False	13.000000	22.100000	4.085340	19.900000	4.908156
8	9	541.433325	False	14.000000	21.900000	2.071232	19.000000	4.878524
8	10	541.433330	False	14.000000	17.100000	4.276681	18.700000	2.830194
8	11	541.433335	False	12.000000	20.800000	3.841875	21.600000	4.152108
9	1	541.433285	False	11.000000	20.500000	3.640055	19.000000	3.577709
9	2	541.433290	False	15.000000	20.500000	6.135960	17.800000	3.091925
9	3	541.433295	False	12.000000	18.300000	5.119570	21.300000	4.450843
9	4	541.433300	False	11.000000	20.400000	3.638681	18.600000	4.630335
9	5	541.433305	False	11.000000	20.400000	4.779121	20.100000	4.392038
9	6	541.433310	False	15.000000	20.400000	3.583295	20.700000	3.436568
9	7	541.433315	False	11.000000	22.500000	5.239275	21.100000	4.805206
9	8	541.433320	False	15.000000	20.900000	5.485435	20.300000	4.267318
9	9	541.433325	False	8.000000	17.400000	3.440930	20.100000	4.614109
9	10	541.433330	False	16.000000	17.200000	4.261455	20.100000	4.482187
9	11	541.433335	False	15.000000	21.600000	1.624808	22.600000	4.498889
10	1	541.433285	False	7.000000	19.400000	4.200000	20.300000	5.692978
10	2	541.433290	False	14.000000	17.700000	2.570992	20.300000	4.100000
10	3	541.433295	False	15.000000	21.300000	3.976179	20.200000	3.429286
10	4	541.433300	False	11.000000	20.300000	4.172529	19.000000	3.346640
10	5	541.433305	False	16.000000	21.200000	9.228218	18.400000	5.295281
10	6	541.433310	False	6.000000	22.100000	3.238827	17.100000	3.505710
10	7	541.433315	False	12.000000	18.900000	3.047950	19.300000	4.627094
10	8	541.433320	False	15.000000	19.000000	4.647580	20.600000	4.476606
10	9	541.433325	False	4.000000	19.800000	5.306600	20.200000	3.249615
10	10	541.433330	False	12.000000	18.400000	5.083306	20.000000	3.924283
10	11	541.433335	False	8.000000	18.800000	2.712932	17.700000	4.838388
IonizationFreqs:-0.000025, 0.000025, 0.000005, 541.433310 THz, CoolingFreq:607.427840, RepumpFreq:461.312180, WindowStart:160.000, WindowWidth:55.000
LoopCount	AttemptCount	Freq553	IonTrapped	NeutralCounts	ydataAvg	ydataStD	BGydataAvg	BGydataStD
1	1	541.433285	False	25.000000	16.900000	3.935734	14.900000	4.742362
1	2	541.433290	False	17.000000	16.400000	5.023943	15.300000	5.728001
1	3	541.433295	False	14.000000	14.100000	3.534119	15.300000	3.742993
1	4	541.433300	False	17.000000	15.100000	4.437342	14.200000	4.044750
1	5	541.433305	False	13.000000	16.700000	4.495553	13.600000	4.409082
1	6	541.433310	False	17.000000	13.800000	4.686150	15.300000	3.465545
1	7	541.433315	False	14.000000	12.800000	3.736308	16.300000	3.689173
1	8	541.433320	False	24.000000	14.800000	3.249615	14.800000	3.709447
1	9	541.433325	False	10.000000	15.700000	3.226453	15.700000	4.075537
1	10	541.433330	False	20.000000	13.500000	2.247221	11.800000	2.891366
1	11	541.433335	False	12.000000	14.000000	1.483240	16.000000	4.878524
2	1	541.433285	False	13.000000	13.100000	2.586503	14.900000	5.300000
2	2	541.433290	False	23.000000	15.300000	3.822303	17.600000	4.152108
2	3	541.433295	False	26.000000	15.400000	4.386342	13.400000	3.527038
2	4	541.433300	False	13.000000	13.800000	4.044750	14.800000	4.044750
2	5	541.433305	True	14.000000	155.300000	7.510659	13.300000	2.609598
2	6	541.433310	False	18.000000	14.000000	2.190890	14.900000	4.482187
2	7	541.433315	False	9.000000	15.300000	4.220190	12.600000	1.800000
2	8	541.433320	False	7.000000	14.500000	4.318565	14.100000	4.011234
2	9	541.433325	False	10.000000	17.000000	4.857983	15.200000	3.487119
2	10	541.433330	False	17.000000	16.400000	4.608687	15.800000	3.682391
2	11	541.433335	False	9.000000	14.200000	2.749545	12.300000	3.195309
3	1	541.433285	False	21.000000	11.400000	3.826225	13.500000	5.315073
3	2	541.433290	False	14.000000	12.800000	3.944617	14.300000	3.226453
3	3	541.433295	False	15.000000	17.500000	4.652956	15.700000	3.195309
3	4	541.433300	False	8.000000	14.800000	4.707441	15.200000	4.093898
3	5	541.433305	False	20.000000	14.500000	2.729469	13.800000	4.019950
3	6	541.433310	False	17.000000	13.500000	2.578759	14.800000	2.749545
3	7	541.433315	False	24.000000	15.300000	4.001250	14.900000	3.419064
3	8	541.433320	False	9.000000	12.500000	3.981206	12.900000	2.700000
3	9	541.433325	False	12.000000	15.400000	2.374868	14.200000	5.381450
3	10	541.433330	False	12.000000	14.200000	4.915282	14.300000	3.226453
3	11	541.433335	False	12.000000	14.300000	3.465545	15.100000	3.910243
4	1	541.433285	False	19.000000	12.500000	2.617250	14.200000	3.655133
4	2	541.433290	False	20.000000	14.200000	2.749545	15.300000	4.337050
4	3	541.433295	False	15.000000	13.400000	1.428286	14.300000	4.100000
4	4	541.433300	False	12.000000	13.500000	3.354102	16.300000	4.075537
4	5	541.433305	False	18.000000	14.600000	2.973214	12.600000	3.382307
4	6	541.433310	False	7.000000	13.300000	4.980964	16.200000	4.354308
4	7	541.433315	False	12.000000	15.600000	2.905168	12.600000	5.161395
4	8	541.433320	False	20.000000	11.900000	3.047950	13.500000	4.842520
4	9	541.433325	False	11.000000	12.500000	4.318565	15.500000	3.471311
4	10	541.433330	False	8.000000	14.000000	3.405877	12.300000	4.960847
4	11	541.433335	False	14.000000	13.600000	3.555278	12.900000	4.060788
5	1	541.433285	False	8.000000	15.900000	4.158125	13.000000	2.529822
5	2	541.433290	False	18.000000	15.900000	5.028916	14.100000	4.182105
5	3	541.433295	False	12.000000	13.800000	2.959730	13.500000	3.442383
5	4	541.433300	False	18.000000	13.000000	3.464102	17.600000	6.575713
5	5	541.433305	True	20.000000	155.500000	15.001667	16.400000	3.039737
5	6	541.433310	False	24.000000	17.100000	3.207803	15.500000	2.765863
5	7	541.433315	False	19.000000	14.600000	3.720215	15.300000	3.874274
5	8	541.433320	False	17.000000	12.700000	4.405678	14.500000	3.383785
5	9	541.433325	False	15.000000	13.800000	2.481935	12.700000	3.001666
5	10	541.433330	False	18.000000	13.600000	2.800000	13.400000	5.083306
5	11	541.433335	False	17.000000	14.200000	3.280244	16.100000	3.238827
6	1	541.433285	False	15.000000	15.200000	3.340659	16.200000	3.789459
6	2	541.433290	False	15.000000	14.600000	2.870540	15.200000	4.377214
6	3	541.433295	True	21.000000	140.500000	11.842719	13.400000	4.127953
6	4	541.433300	False	21.000000	15.300000	4.561798	17.500000	3.500000
6	5	541.433305	False	17.000000	13.700000	1.846619	14.500000	2.539685
6	6	541.433310	False	24.000000	11.500000	3.170173	13.600000	3.773592
6	7	541.433315	False	18.000000	14.500000	5.766281	12.100000	2.467793
6	8	541.433320	False	20.000000	11.900000	3.360060	15.600000	3.826225
6	9	541.433325	False	17.000000	15.600000	4.476606	13.100000	3.330165
6	10	541.433330	False	11.000000	16.200000	3.682391	14.700000	3.769615
6	11	541.433335	True	25.000000	59.900000	38.849582	14.200000	3.059412
7	1	541.433285	False	24.000000	13.900000	5.185557	13.900000	3.505710
7	2	541.433290	False	16.000000	13.400000	3.352611	15.100000	4.011234
7	3	541.433295	False	24.000000	14.300000	4.648656	11.300000	2.368544
7	4	541.433300	False	34.000000	15.000000	3.065942	15.500000	1.910497
7	5	541.433305	False	17.000000	15.300000	4.075537	15.600000	4.779121
7	6	541.433310	False	25.000000	12.900000	2.773085	14.500000	3.442383
7	7	541.433315	False	17.000000	16.500000	4.477723	13.500000	4.104875
7	8	541.433320	False	27.000000	14.500000	3.106445	13.500000	3.324154
7	9	541.433325	False	19.000000	14.400000	4.715930	15.600000	3.583295
7	10	541.433330	False	21.000000	15.400000	3.104835	14.200000	2.181742
7	11	541.433335	False	12.000000	13.200000	3.458323	13.500000	3.201562
8	1	541.433285	False	19.000000	14.700000	2.282542	15.300000	4.627094
8	2	541.433290	False	21.000000	15.700000	3.001666	14.900000	4.867237
8	3	541.433295	True	23.000000	146.600000	9.101648	14.000000	3.714835
8	4	541.433300	False	22.000000	15.200000	3.515679	16.400000	3.231099
8	5	541.433305	False	27.000000	15.700000	3.900000	15.500000	3.500000
8	6	541.433310	False	20.000000	13.200000	3.487119	16.800000	4.534314
8	7	541.433315	False	33.000000	15.600000	3.382307	16.200000	4.214262
8	8	541.433320	False	24.000000	14.900000	3.505710	13.800000	3.124100
8	9	541.433325	False	20.000000	16.200000	3.155947	17.600000	2.374868
8	10	541.433330	False	16.000000	13.500000	3.106445	15.400000	3.498571
8	11	541.433335	False	24.000000	16.000000	2.898275	15.900000	4.134005
9	1	541.433285	False	20.000000	14.100000	3.112876	15.700000	4.754997
9	2	541.433290	False	19.000000	15.400000	2.416609	14.900000	3.144837
9	3	541.433295	False	18.000000	15.900000	4.085340	15.600000	3.746999
9	4	541.433300	False	22.000000	12.300000	2.722132	14.400000	2.870540
9	5	541.433305	False	26.000000	13.800000	4.853864	13.900000	3.112876
9	6	541.433310	False	24.000000	14.600000	3.469870	15.700000	2.830194
9	7	541.433315	False	2.000000	15.600000	3.555278	14.900000	3.534119
9	8	541.433320	False	23.000000	13.600000	3.136877	13.800000	4.118252
9	9	541.433325	False	25.000000	14.200000	5.134199	17.000000	3.376389
9	10	541.433330	False	18.000000	16.800000	3.059412	14.700000	3.195309
9	11	541.433335	False	25.000000	14.000000	4.123106	17.400000	3.382307
10	1	541.433285	False	19.000000	16.200000	3.841875	14.900000	2.808914
10	2	541.433290	False	21.000000	16.600000	5.122499	13.700000	4.196427
10	3	541.433295	False	14.000000	13.300000	2.722132	15.200000	5.268776
10	4	541.433300	False	36.000000	14.000000	3.000000	13.200000	3.841875
10	5	541.433305	False	23.000000	16.300000	1.900000	15.900000	4.300000
10	6	541.433310	True	26.000000	147.600000	15.278743	13.400000	5.462600
10	7	541.433315	False	18.000000	14.300000	2.491987	16.100000	3.562303
10	8	541.433320	False	13.000000	13.700000	3.551056	14.700000	3.407345
10	9	541.433325	False	33.000000	16.000000	2.529822	14.300000	2.685144
10	10	541.433330	False	10.000000	15.300000	3.925557	15.700000	3.976179
10	11	541.433335	False	16.000000	13.200000	4.600000	12.600000	3.104835
11	1	541.433285	False	24.000000	15.300000	4.172529	15.100000	2.700000
11	2	541.433290	False	31.000000	16.700000	3.689173	16.400000	3.440930
11	3	541.433295	False	21.000000	13.600000	3.006659	17.000000	3.974921
11	4	541.433300	False	22.000000	14.600000	3.231099	14.300000	3.900000
11	5	541.433305	False	33.000000	14.600000	2.690725	13.400000	4.565085
11	6	541.433310	False	37.000000	13.000000	3.741657	14.600000	4.127953
11	7	541.433315	False	25.000000	13.100000	3.645545	13.100000	3.014963
11	8	541.433320	False	21.000000	14.900000	2.547548	13.700000	3.661967
11	9	541.433325	False	11.000000	15.700000	3.661967	14.700000	2.900000
11	10	541.433330	False	24.000000	14.600000	3.826225	14.000000	2.720294
11	11	541.433335	False	27.000000	14.600000	2.690725	15.100000	3.726929
12	1	541.433285	False	21.000000	15.600000	4.608687	15.900000	3.672874
12	2	541.433290	False	20.000000	13.700000	2.830194	16.200000	5.706137
12	3	541.433295	False	34.000000	15.700000	4.337050	13.600000	2.200000
12	4	541.433300	True	28.000000	153.800000	31.770427	14.400000	4.176123
12	5	541.433305	False	34.000000	14.000000	4.123106	16.000000	4.538722
12	6	541.433310	False	36.000000	15.100000	2.981610	16.100000	2.165641
12	7	541.433315	False	20.000000	14.400000	3.693237	14.400000	3.411744
12	8	541.433320	True	31.000000	159.500000	24.896787	14.500000	3.584690
12	9	541.433325	False	25.000000	16.000000	3.000000	15.900000	3.618011
12	10	541.433330	True	12.000000	162.700000	22.262300	14.600000	4.176123
12	11	541.433335	False	18.000000	14.800000	3.841875	15.300000	5.254522
13	1	541.433285	False	9.000000	14.800000	3.310589	15.300000	3.287856
13	2	541.433290	False	28.000000	15.900000	4.825971	16.400000	4.029888
13	3	541.433295	False	19.000000	13.800000	3.709447	12.900000	4.392038
13	4	541.433300	False	29.000000	13.800000	4.044750	14.800000	3.515679
13	5	541.433305	True	25.000000	169.600000	15.525463	13.500000	3.074085
13	6	541.433310	False	28.000000	14.300000	2.865310	14.500000	2.837252
13	7	541.433315	False	35.000000	14.000000	3.820995	15.200000	4.377214
13	8	541.433320	False	30.000000	15.900000	4.158125	16.100000	3.330165
13	9	541.433325	False	29.000000	16.800000	4.069398	15.200000	2.227106
13	10	541.433330	False	15.000000	12.900000	2.586503	13.100000	4.276681
13	11	541.433335	False	27.000000	17.000000	3.065942	15.400000	4.431704
14	1	541.433285	False	24.000000	17.500000	4.738143	13.600000	2.200000
14	2	541.433290	False	15.000000	17.300000	4.001250	15.400000	2.835489
14	3	541.433295	False	34.000000	14.100000	3.238827	15.000000	1.732051
14	4	541.433300	False	25.000000	14.600000	3.555278	15.000000	3.898718
14	5	541.433305	False	31.000000	12.600000	2.457641	14.000000	3.193744
14	6	541.433310	False	25.000000	14.600000	4.454211	14.100000	2.547548
14	7	541.433315	False	42.000000	13.800000	4.995998	15.000000	4.494441
14	8	541.433320	False	15.000000	13.800000	3.155947	13.400000	2.939388
14	9	541.433325	False	30.000000	15.000000	2.366432	15.500000	4.295346
14	10	541.433330	False	23.000000	16.000000	3.974921	14.800000	2.481935
14	11	541.433335	False	15.000000	15.200000	4.142463	14.900000	2.547548
15	1	541.433285	False	19.000000	16.300000	3.716181	14.800000	3.340659
15	2	541.433290	False	30.000000	16.500000	2.500000	13.700000	2.900000
15	3	541.433295	False	21.000000	16.100000	2.736786	15.900000	3.269557
15	4	541.433300	False	34.000000	15.800000	4.643275	16.400000	3.954744
15	5	541.433305	True	23.000000	175.900000	11.588356	15.500000	4.674398
15	6	541.433310	False	24.000000	15.400000	3.261901	15.200000	2.856571
15	7	541.433315	False	50.000000	13.100000	4.700000	16.300000	3.287856
15	8	541.433320	False	19.000000	15.000000	2.489980	13.800000	3.627671
15	9	541.433325	False	42.000000	14.600000	2.497999	14.300000	3.634556
15	10	541.433330	False	26.000000	14.600000	2.576820	15.200000	3.124100
15	11	541.433335	False	23.000000	15.900000	4.570558	14.100000	2.343075
16	1	541.433285	False	23.000000	16.300000	3.522783	14.600000	3.666061
16	2	541.433290	True	16.000000	180.800000	11.989996	15.800000	3.400000
16	3	541.433295	False	27.000000	12.100000	2.256103	18.000000	4.358899
16	4	541.433300	False	32.000000	16.100000	3.780212	14.100000	3.269557
16	5	541.433305	False	50.000000	15.300000	3.257299	16.800000	3.736308
16	6	541.433310	False	26.000000	13.100000	1.972308	14.600000	3.979950
16	7	541.433315	False	29.000000	16.200000	4.214262	12.900000	2.913760
16	8	541.433320	False	22.000000	14.600000	2.973214	16.600000	3.231099
16	9	541.433325	False	24.000000	14.800000	2.749545	14.900000	4.908156
16	10	541.433330	False	28.000000	14.400000	3.136877	13.300000	3.579106
16	11	541.433335	False	26.000000	17.100000	4.085340	14.100000	3.753665
17	1	541.433285	False	19.000000	17.200000	4.621688	14.300000	2.830194
17	2	541.433290	False	26.000000	15.000000	2.190890	16.000000	3.193744
17	3	541.433295	False	29.000000	15.900000	3.448188	16.700000	3.796051
17	4	541.433300	False	29.000000	14.900000	3.300000	15.700000	4.337050
17	5	541.433305	False	31.000000	12.700000	2.193171	11.400000	4.498889
17	6	541.433310	False	37.000000	16.200000	3.994997	15.100000	3.448188
17	7	541.433315	False	45.000000	13.400000	3.006659	14.800000	4.995998
17	8	541.433320	False	23.000000	15.900000	3.562303	13.500000	5.277310
17	9	541.433325	False	20.000000	12.000000	4.024922	14.700000	2.647640
17	10	541.433330	False	13.000000	14.500000	4.821825	14.600000	4.270831
17	11	541.433335	False	18.000000	14.300000	2.934280	15.100000	4.570558
18	1	541.433285	False	21.000000	15.900000	2.947881	16.500000	3.074085
18	2	541.433290	False	33.000000	15.100000	5.923681	13.800000	3.124100
18	3	541.433295	False	21.000000	15.200000	2.891366	15.300000	4.733920
18	4	541.433300	False	33.000000	15.500000	3.232646	15.600000	4.127953
18	5	541.433305	False	28.000000	14.200000	3.627671	16.600000	2.653300
18	6	541.433310	False	31.000000	14.900000	3.910243	15.400000	3.322650
18	7	541.433315	False	34.000000	14.300000	3.226453	14.000000	4.074310
18	8	541.433320	False	31.000000	12.800000	3.340659	14.600000	3.200000
18	9	541.433325	False	25.000000	15.300000	3.067572	15.400000	2.939388
18	10	541.433330	False	22.000000	13.200000	2.441311	15.000000	3.346640
18	11	541.433335	False	15.000000	14.200000	4.354308	12.500000	4.883646
19	1	541.433285	False	20.000000	15.900000	2.662705	14.700000	2.282542
19	2	541.433290	True	30.000000	157.000000	12.149074	15.600000	4.983974
19	3	541.433295	False	30.000000	14.000000	3.492850	14.600000	4.903060
19	4	541.433300	False	23.000000	15.400000	4.363485	13.700000	2.865310
19	5	541.433305	False	24.000000	13.800000	3.789459	14.800000	2.315167
19	6	541.433310	False	29.000000	16.900000	2.507987	14.200000	2.821347
19	7	541.433315	False	33.000000	14.500000	3.471311	15.600000	2.154066
19	8	541.433320	False	19.000000	15.900000	3.645545	15.600000	2.973214
19	9	541.433325	False	20.000000	13.300000	2.368544	14.200000	4.331282
19	10	541.433330	False	26.000000	14.700000	2.968164	13.600000	3.322650
19	11	541.433335	False	17.000000	13.600000	3.773592	13.500000	2.729469
20	1	541.433285	False	15.000000	14.500000	2.655184	15.500000	3.801316
20	2	541.433290	False	22.000000	14.400000	2.289105	16.400000	4.431704
20	3	541.433295	False	20.000000	14.800000	3.969887	14.300000	1.951922
20	4	541.433300	False	28.000000	14.000000	4.538722	14.500000	2.418677
20	5	541.433305	False	34.000000	12.000000	2.529822	15.300000	4.495553
20	6	541.433310	False	22.000000	15.500000	4.566180	14.500000	3.324154
20	7	541.433315	False	22.000000	18.900000	4.805206	15.100000	5.107837
20	8	541.433320	False	30.000000	14.200000	4.995998	15.200000	4.707441
20	9	541.433325	False	15.000000	15.200000	3.124100	14.500000	3.930649
20	10	541.433330	False	26.000000	13.600000	2.939388	16.000000	4.171331
20	11	541.433335	False	21.000000	14.100000	2.879236	14.100000	3.419064
21	1	541.433285	False	15.000000	14.800000	3.429286	16.100000	3.505710
21	2	541.433290	False	18.000000	13.400000	3.231099	12.900000	1.920937
21	3	541.433295	False	26.000000	13.400000	4.176123	13.700000	2.968164
21	4	541.433300	False	16.000000	13.100000	3.389690	16.300000	2.865310
21	5	541.433305	False	32.000000	14.500000	3.074085	14.300000	2.830194
21	6	541.433310	False	33.000000	15.700000	3.634556	13.700000	2.193171
21	7	541.433315	False	19.000000	12.800000	2.959730	13.700000	4.712749
21	8	541.433320	False	23.000000	14.600000	3.411744	14.100000	2.467793
21	9	541.433325	False	18.000000	16.400000	4.386342	13.700000	3.067572
21	10	541.433330	False	23.000000	12.100000	2.343075	15.400000	4.565085
21	11	541.433335	False	22.000000	15.700000	3.377869	15.400000	4.694678
22	1	541.433285	False	16.000000	13.900000	4.276681	14.900000	3.080584
22	2	541.433290	False	25.000000	13.600000	3.292416	13.300000	1.791647
22	3	541.433295	False	19.000000	15.100000	3.806573	14.400000	3.527038
22	4	541.433300	False	13.000000	12.200000	2.039608	13.700000	4.405678
22	5	541.433305	False	29.000000	12.600000	2.497999	14.400000	4.431704
22	6	541.433310	False	19.000000	14.200000	3.736308	15.900000	6.284107
22	7	541.433315	False	36.000000	15.300000	3.769615	16.100000	4.968903
22	8	541.433320	True	25.000000	164.200000	12.552291	15.600000	3.583295
22	9	541.433325	False	19.000000	15.100000	2.981610	13.400000	4.079216
22	10	541.433330	False	17.000000	15.100000	3.144837	14.400000	3.200000
22	11	541.433335	False	25.000000	14.300000	4.075537	16.000000	2.756810
23	1	541.433285	False	25.000000	16.100000	3.590265	13.900000	5.448853
23	2	541.433290	False	21.000000	14.100000	2.624881	14.800000	4.214262
23	3	541.433295	False	22.000000	12.700000	2.609598	13.200000	3.994997
23	4	541.433300	False	31.000000	14.800000	2.039608	14.000000	3.872983
23	5	541.433305	False	24.000000	15.100000	3.910243	14.400000	3.411744
23	6	541.433310	False	27.000000	12.500000	2.539685	13.400000	3.583295
23	7	541.433315	False	22.000000	14.100000	3.986226	13.400000	3.929377
23	8	541.433320	False	25.000000	15.700000	4.026164	15.300000	3.034798
23	9	541.433325	False	25.000000	15.700000	4.220190	15.700000	3.950949
23	10	541.433330	False	18.000000	15.600000	3.292416	13.800000	4.400000
23	11	541.433335	True	16.000000	157.700000	12.025390	13.700000	1.900000
24	1	541.433285	False	28.000000	14.100000	3.448188	15.500000	5.352569
24	2	541.433290	False	23.000000	13.100000	3.534119	15.800000	3.736308
24	3	541.433295	False	29.000000	13.800000	3.893584	14.000000	3.847077
24	4	541.433300	False	23.000000	14.600000	4.223742	14.700000	3.976179
24	5	541.433305	False	27.000000	15.300000	3.287856	14.600000	4.694678
24	6	541.433310	False	29.000000	14.900000	3.112876	15.200000	2.993326
24	7	541.433315	False	39.000000	13.100000	3.238827	14.500000	3.138471
24	8	541.433320	False	17.000000	15.200000	3.026549	13.900000	2.165641
24	9	541.433325	False	17.000000	14.800000	3.994997	14.900000	2.662705
24	10	541.433330	False	17.000000	13.600000	5.902542	13.000000	3.847077
24	11	541.433335	False	14.000000	12.500000	1.431782	16.400000	5.462600
25	1	541.433285	False	33.000000	13.400000	3.527038	13.000000	3.435113
25	2	541.433290	False	17.000000	14.500000	3.584690	15.000000	4.959839
25	3	541.433295	True	30.000000	148.200000	17.998889	11.500000	4.984977
25	4	541.433300	False	15.000000	13.600000	3.352611	17.900000	2.507987
25	5	541.433305	False	26.000000	13.300000	2.865310	15.200000	3.709447
25	6	541.433310	False	32.000000	14.400000	3.322650	16.200000	4.069398
25	7	541.433315	False	32.000000	13.200000	2.856571	13.400000	3.469870
25	8	541.433320	False	35.000000	14.300000	4.495553	13.600000	3.852272
25	9	541.433325	False	16.000000	14.100000	4.437342	14.000000	3.286335
25	10	541.433330	False	23.000000	15.600000	2.289105	18.100000	5.318834
25	11	541.433335	False	25.000000	15.500000	3.074085	16.100000	2.426932
26	1	541.433285	False	23.000000	13.200000	3.893584	14.600000	2.107131
26	2	541.433290	False	28.000000	16.700000	4.428318	17.100000	4.614109
26	3	541.433295	False	26.000000	14.900000	4.323193	14.700000	3.522783
26	4	541.433300	False	24.000000	12.800000	2.357965	13.900000	3.910243
26	5	541.433305	False	41.000000	16.700000	4.360046	14.800000	3.310589
26	6	541.433310	False	31.000000	16.300000	3.348134	16.000000	2.489980
26	7	541.433315	False	38.000000	14.100000	3.590265	17.400000	2.870540
26	8	541.433320	False	23.000000	14.200000	4.791659	12.400000	2.576820
26	9	541.433325	True	17.000000	174.000000	9.622889	14.200000	4.445222
26	10	541.433330	False	20.000000	13.300000	2.238303	14.900000	6.456779
26	11	541.433335	False	23.000000	14.300000	3.661967	15.700000	4.796874
27	1	541.433285	False	19.000000	12.000000	2.683282	12.500000	4.031129
27	2	541.433290	False	19.000000	12.900000	3.534119	15.800000	3.280244
27	3	541.433295	False	22.000000	12.500000	3.138471	17.200000	2.856571
27	4	541.433300	False	18.000000	14.800000	3.187475	13.500000	2.578759
27	5	541.433305	False	25.000000	13.400000	2.727636	15.700000	3.848376
27	6	541.433310	False	33.000000	12.400000	2.289105	14.100000	5.088222
27	7	541.433315	False	23.000000	13.800000	4.093898	13.800000	2.521904
27	8	541.433320	False	26.000000	13.700000	3.226453	17.200000	6.273755
27	9	541.433325	False	24.000000	13.400000	2.615339	15.600000	3.611094
27	10	541.433330	False	16.000000	15.100000	4.134005	15.700000	5.158488
27	11	541.433335	False	21.000000	15.000000	3.820995	14.100000	2.624881
28	1	541.433285	False	18.000000	13.800000	3.249615	13.500000	3.981206
28	2	541.433290	False	13.000000	15.200000	3.627671	14.900000	1.757840
28	3	541.433295	True	19.000000	148.500000	16.913013	14.700000	3.067572
28	4	541.433300	False	24.000000	14.200000	2.181742	11.400000	5.102940
28	5	541.433305	False	25.000000	14.500000	2.539685	13.300000	3.226453
28	6	541.433310	False	28.000000	16.600000	4.586938	15.200000	3.026549
28	7	541.433315	False	27.000000	17.600000	3.006659	15.100000	2.844293
28	8	541.433320	False	27.000000	15.600000	5.161395	15.500000	3.500000
28	9	541.433325	False	27.000000	13.600000	5.219195	14.400000	5.713143
28	10	541.433330	False	19.000000	16.000000	4.898979	15.500000	2.692582
28	11	541.433335	False	12.000000	13.500000	3.232646	15.200000	3.544009
29	1	541.433285	False	25.000000	14.900000	2.586503	15.700000	3.494281
29	2	541.433290	False	25.000000	13.000000	4.494441	18.300000	3.551056
29	3	541.433295	False	16.000000	15.400000	2.457641	14.600000	4.454211
29	4	541.433300	False	24.000000	13.900000	3.858756	16.000000	2.323790
29	5	541.433305	False	25.000000	16.600000	4.317407	13.400000	3.411744
29	6	541.433310	False	31.000000	17.100000	3.961060	9.600000	2.497999
29	7	541.433315	False	22.000000	15.000000	4.404543	15.200000	2.271563
29	8	541.433320	False	28.000000	15.400000	2.939388	15.400000	2.615339
29	9	541.433325	False	33.000000	17.400000	3.498571	15.900000	3.645545
29	10	541.433330	False	27.000000	14.400000	2.154066	14.000000	1.612452
29	11	541.433335	False	13.000000	11.500000	3.008322	16.100000	4.134005
30	1	541.433285	False	17.000000	14.400000	2.870540	14.500000	3.640055
30	2	541.433290	False	20.000000	13.300000	3.661967	14.100000	3.505710
30	3	541.433295	False	26.000000	11.500000	4.224926	14.800000	4.118252
30	4	541.433300	False	26.000000	15.000000	3.316625	15.700000	4.290688
30	5	541.433305	False	25.000000	14.600000	2.457641	14.500000	3.528456
30	6	541.433310	False	25.000000	16.100000	3.780212	16.000000	4.219005
30	7	541.433315	False	15.000000	14.000000	5.567764	16.400000	4.386342
30	8	541.433320	False	25.000000	15.500000	3.170173	17.700000	4.627094
30	9	541.433325	False	9.000000	14.700000	3.318132	13.800000	4.955805
30	10	541.433330	False	14.000000	15.300000	5.001000	15.100000	4.323193
30	11	541.433335	False	20.000000	14.400000	3.555278	14.300000	4.980964
31	1	541.433285	False	16.000000	14.200000	3.919184	13.900000	3.505710
31	2	541.433290	False	24.000000	13.600000	2.727636	13.900000	3.505710
31	3	541.433295	False	17.000000	13.700000	4.605432	14.000000	3.376389
31	4	541.433300	False	22.000000	13.800000	2.315167	17.000000	4.404543
31	5	541.433305	False	33.000000	15.500000	3.879433	13.300000	2.830194
31	6	541.433310	False	32.000000	14.800000	4.261455	16.100000	4.657252
31	7	541.433315	False	26.000000	14.400000	2.537716	14.200000	4.142463
31	8	541.433320	False	21.000000	14.300000	2.531798	16.500000	5.731492
31	9	541.433325	False	7.000000	14.100000	4.437342	15.800000	3.893584
31	10	541.433330	False	25.000000	14.600000	2.497999	15.300000	1.676305
31	11	541.433335	False	19.000000	15.100000	4.678675	13.300000	4.648656
32	1	541.433285	False	19.000000	16.000000	3.162278	14.500000	3.500000
32	2	541.433290	False	21.000000	15.500000	3.106445	18.100000	4.908156
32	3	541.433295	False	21.000000	13.800000	2.521904	13.000000	2.683282
32	4	541.433300	False	18.000000	14.000000	3.346640	14.500000	3.324154
32	5	541.433305	False	24.000000	14.600000	3.800000	12.800000	3.841875
32	6	541.433310	False	24.000000	14.400000	4.317407	13.500000	3.413210
32	7	541.433315	False	17.000000	12.600000	4.800000	12.600000	3.261901
32	8	541.433320	False	16.000000	13.500000	2.334524	14.800000	3.400000
32	9	541.433325	False	15.000000	14.400000	3.411744	14.200000	3.124100
32	10	541.433330	False	18.000000	15.100000	5.629387	12.900000	2.467793
32	11	541.433335	False	20.000000	13.000000	5.099020	16.400000	4.152108
33	1	541.433285	False	12.000000	13.500000	3.694591	12.900000	4.036087
33	2	541.433290	False	13.000000	13.000000	2.280351	15.500000	3.413210
33	3	541.433295	False	22.000000	14.000000	2.756810	16.400000	2.374868
33	4	541.433300	False	29.000000	15.900000	3.047950	12.900000	3.645545
33	5	541.433305	False	16.000000	16.200000	3.815757	13.400000	2.332381
33	6	541.433310	False	22.000000	14.700000	1.900000	15.100000	2.507987
33	7	541.433315	False	31.000000	14.400000	2.615339	16.200000	3.310589
33	8	541.433320	False	13.000000	14.000000	3.098387	15.400000	3.693237
33	9	541.433325	False	11.000000	20.600000	4.127953	12.100000	3.330165
33	10	541.433330	False	19.000000	12.800000	2.785678	14.100000	3.753665
33	11	541.433335	False	18.000000	14.500000	2.334524	12.400000	2.416609
34	1	541.433285	False	23.000000	14.800000	3.969887	13.500000	3.383785
34	2	541.433290	False	15.000000	13.100000	3.207803	14.500000	3.008322
34	3	541.433295	False	16.000000	14.600000	4.862098	13.200000	2.521904
34	4	541.433300	False	24.000000	13.400000	3.006659	12.300000	2.368544
34	5	541.433305	False	13.000000	13.500000	4.842520	15.300000	2.491987
34	6	541.433310	False	29.000000	12.500000	3.232646	16.500000	4.432832
34	7	541.433315	False	22.000000	13.300000	4.817676	12.800000	4.621688
34	8	541.433320	False	20.000000	13.600000	3.527038	13.500000	2.801785
34	9	541.433325	False	18.000000	14.200000	4.467662	15.900000	3.238827
34	10	541.433330	False	17.000000	16.300000	4.050926	13.800000	2.675818
34	11	541.433335	False	13.000000	14.800000	4.935585	14.300000	3.925557
35	1	541.433285	False	16.000000	13.600000	3.168596	15.900000	3.645545
35	2	541.433290	False	22.000000	14.100000	4.229657	16.400000	5.102940
35	3	541.433295	False	23.000000	14.000000	3.549648	13.900000	4.968903
35	4	541.433300	False	22.000000	13.400000	3.527038	15.800000	3.487119
35	5	541.433305	False	21.000000	13.500000	4.544227	14.200000	2.271563
35	6	541.433310	False	30.000000	13.600000	2.690725	15.000000	3.162278
35	7	541.433315	False	11.000000	13.900000	3.330165	16.100000	3.269557
35	8	541.433320	False	22.000000	16.500000	5.463515	15.200000	4.600000
35	9	541.433325	False	19.000000	14.900000	3.300000	12.200000	2.959730
35	10	541.433330	False	15.000000	14.100000	2.662705	15.100000	2.736786
35	11	541.433335	False	20.000000	15.800000	3.682391	14.100000	3.505710
36	1	541.433285	False	12.000000	15.300000	3.494281	14.400000	2.905168
36	2	541.433290	False	27.000000	14.100000	1.445683	16.000000	4.582576
36	3	541.433295	False	14.000000	15.200000	3.249615	12.700000	2.609598
36	4	541.433300	False	29.000000	12.500000	2.376973	13.900000	2.385372
36	5	541.433305	False	23.000000	14.700000	3.348134	13.000000	1.673320
36	6	541.433310	False	28.000000	14.700000	4.360046	12.600000	3.006659
36	7	541.433315	False	26.000000	15.400000	2.374868	12.500000	3.774917
36	8	541.433320	False	17.000000	12.800000	1.661325	13.800000	4.643275
36	9	541.433325	False	6.000000	15.100000	3.645545	13.600000	3.200000
36	10	541.433330	False	17.000000	13.500000	3.801316	13.600000	4.223742
36	11	541.433335	False	18.000000	14.400000	3.746999	16.100000	3.858756
37	1	541.433285	False	13.000000	15.200000	1.536229	15.100000	3.910243
37	2	541.433290	False	22.000000	15.000000	3.316625	12.900000	4.323193
37	3	541.433295	False	31.000000	14.100000	3.910243	15.600000	3.773592
37	4	541.433300	False	24.000000	13.700000	2.758623	13.700000	4.124318
37	5	541.433305	False	21.000000	13.700000	3.377869	11.900000	3.986226
37	6	541.433310	False	33.000000	13.100000	5.243091	15.800000	4.686150
37	7	541.433315	False	23.000000	14.100000	3.176476	14.100000	2.981610
37	8	541.433320	False	18.000000	13.400000	2.727636	15.000000	4.195235
37	9	541.433325	False	9.000000	14.700000	4.220190	13.600000	3.979950
37	10	541.433330	False	12.000000	13.600000	3.261901	15.100000	3.047950
37	11	541.433335	False	15.000000	13.300000	1.486607	13.800000	4.190465
38	1	541.433285	False	17.000000	13.600000	2.497999	16.100000	4.229657
38	2	541.433290	False	9.000000	15.000000	3.033150	17.000000	4.538722
38	3	541.433295	False	22.000000	14.000000	2.863564	14.300000	2.609598
38	4	541.433300	False	5.000000	14.700000	2.722132	17.200000	3.841875
38	5	541.433305	False	24.000000	15.200000	4.214262	14.300000	2.491987
38	6	541.433310	False	24.000000	14.900000	3.618011	14.300000	3.522783
38	7	541.433315	False	21.000000	15.900000	2.118962	14.300000	3.689173
38	8	541.433320	False	23.000000	15.200000	3.572114	13.500000	2.578759
38	9	541.433325	False	15.000000	12.900000	4.011234	15.900000	4.346263
38	10	541.433330	False	25.000000	14.200000	2.039608	15.300000	4.428318
38	11	541.433335	False	14.000000	16.600000	2.653300	12.000000	4.098780
39	1	541.433285	False	15.000000	16.300000	4.733920	13.900000	3.176476
39	2	541.433290	False	15.000000	15.000000	4.289522	13.700000	3.634556
39	3	541.433295	False	24.000000	14.900000	3.645545	15.100000	3.961060
39	4	541.433300	False	32.000000	13.300000	4.450843	13.700000	3.769615
39	5	541.433305	False	23.000000	16.900000	3.477068	15.300000	2.238303
39	6	541.433310	False	25.000000	15.500000	4.153312	12.200000	2.181742
39	7	541.433315	False	15.000000	12.000000	4.404543	14.800000	3.026549
39	8	541.433320	False	22.000000	13.700000	3.900000	12.600000	2.800000
39	9	541.433325	False	18.000000	14.500000	3.584690	13.600000	2.244994
39	10	541.433330	True	25.000000	141.100000	12.972664	13.800000	3.155947
39	11	541.433335	False	14.000000	13.400000	4.409082	15.000000	4.538722
40	1	541.433285	False	13.000000	17.200000	4.489989	14.400000	3.498571
40	2	541.433290	False	29.000000	15.300000	5.158488	13.700000	4.337050
40	3	541.433295	False	15.000000	13.700000	3.377869	13.000000	3.346640
40	4	541.433300	False	25.000000	11.400000	3.666061	12.200000	3.370460
40	5	541.433305	False	17.000000	15.100000	5.717517	15.100000	4.109745
40	6	541.433310	False	42.000000	13.500000	3.879433	14.800000	4.377214
40	7	541.433315	False	19.000000	13.400000	1.800000	16.900000	2.844293
40	8	541.433320	False	13.000000	14.600000	4.454211	12.700000	5.532630
40	9	541.433325	False	19.000000	13.600000	2.764055	14.300000	3.976179
40	10	541.433330	True	15.000000	264.100000	16.015305	13.200000	4.354308
40	11	541.433335	False	20.000000	18.200000	4.118252	13.300000	3.067572
41	1	541.433285	False	17.000000	13.500000	2.247221	12.300000	3.348134
41	2	541.433290	False	23.000000	14.100000	2.736786	14.900000	3.419064
41	3	541.433295	False	16.000000	14.100000	4.459821	15.600000	4.127953
41	4	541.433300	False	32.000000	14.600000	3.411744	14.600000	3.583295
41	5	541.433305	False	16.000000	12.700000	4.495553	13.800000	4.621688
41	6	541.433310	False	20.000000	15.500000	5.084290	12.700000	2.722132
41	7	541.433315	False	29.000000	15.000000	2.966479	12.900000	4.182105
41	8	541.433320	False	22.000000	15.700000	2.865310	16.200000	2.561250
41	9	541.433325	False	19.000000	12.900000	3.477068	16.000000	3.346640
41	10	541.433330	False	11.000000	12.600000	3.440930	13.800000	3.124100
41	11	541.433335	False	9.000000	12.600000	3.555278	13.800000	2.400000
42	1	541.433285	False	9.000000	12.600000	3.878144	12.900000	3.176476
42	2	541.433290	False	18.000000	16.700000	2.609598	13.900000	2.981610
42	3	541.433295	False	14.000000	15.500000	3.138471	13.600000	3.200000
42	4	541.433300	False	20.000000	15.100000	4.482187	14.100000	2.947881
42	5	541.433305	False	25.000000	12.900000	3.645545	14.400000	4.498889
42	6	541.433310	False	27.000000	14.300000	3.551056	13.400000	2.200000
42	7	541.433315	False	29.000000	16.000000	3.521363	14.800000	4.308132
42	8	541.433320	False	13.000000	14.100000	3.389690	13.900000	2.662705
42	9	541.433325	False	13.000000	15.600000	4.903060	15.000000	2.828427
42	10	541.433330	False	20.000000	15.800000	3.815757	15.100000	4.134005
42	11	541.433335	False	16.000000	13.600000	2.457641	16.400000	4.431704
43	1	541.433285	False	19.000000	12.300000	3.407345	15.100000	2.700000
43	2	541.433290	False	18.000000	19.200000	3.919184	14.300000	4.100000
43	3	541.433295	False	26.000000	14.900000	3.176476	13.200000	2.925748
43	4	541.433300	True	25.000000	161.900000	13.179150	14.200000	3.544009
43	5	541.433305	False	15.000000	14.500000	4.652956	16.000000	4.669047
43	6	541.433310	False	23.000000	13.700000	3.822303	12.700000	4.360046
43	7	541.433315	False	15.000000	14.100000	5.374942	16.300000	4.360046
43	8	541.433320	True	21.000000	134.300000	10.000500	14.300000	3.034798
43	9	541.433325	False	9.000000	14.800000	3.155947	15.200000	3.841875
43	10	541.433330	False	15.000000	14.900000	5.467175	14.400000	3.352611
43	11	541.433335	False	25.000000	14.000000	4.358899	14.100000	3.112876