Metadata,Ionization Freq.:541.433050:THz,Cooling Freq.:607.425990:THz,Repump Freq.:461.312090:THz,Window Start:160.000:us,Window Width:55.000:us,Cooling Sweeps Num:3:,Pulses Per Attempt:1
h,Time	ExpNum	AttemptNum	NeutralCounts	NumIons	PeakPos
1631597005.2569294	0	1	0.0	0
1631597038.023217	0	2	0.0	0
1631597066.4666533	0	3	0.0	0
1631597094.509006	0	4	0.0	0
1631597122.9153814	0	5	14.0	0
1631597154.8297832	0	6	12.0	1
1631597182.794889	0	7	14.0	1
1631597210.7984037	0	8	20.0	1
1631597238.2960076	0	9	13.0	1
1631597269.7012758	0	10	10.0	1
1631597297.261517	0	11	13.0	1
1631597324.7985268	0	12	10.0	1
1631597352.3055716	0	13	10.0	1
1631597379.8243985	0	14	18.0	1
1631597411.228538	0	15	15.0	1
1631597438.7944732	0	16	16.0	1
1631597466.2960064	0	17	11.0	1
1631597493.8774285	0	18	10.0	2
1631597525.698478	0	19	6.0	2
1631597553.2626452	0	20	20.0	2
1631597580.8103616	0	21	11.0	2
1631597608.2977428	0	22	22.0	2
1631597635.8541794	0	23	15.0	2
1631597667.699623	0	24	12.0	2
1631597695.7814147	0	25	13.0	3
1631598229.6713567	1	1	1.0	0
1631598257.6034837	1	2	5.0	0
1631598285.6086044	1	3	14.0	0
1631598317.5611022	1	4	15.0	1
1631598345.4842296	1	5	11.0	1
1631598373.0840251	1	6	11.0	1
1631598401.0109513	1	7	17.0	1
1631598432.541958	1	8	16.0	2
1631598460.4202337	1	9	11.0	2
1631598488.4160054	1	10	16.0	2
1631598515.9791474	1	11	15.0	2
1631598543.9531612	1	12	12.0	2
1631598571.6114926	1	13	19.0	2
1631598599.6110618	1	14	12.0	2
1631598627.6155365	1	15	21.0	2
1631598655.6099374	1	16	14.0	2
1631598687.4708993	1	17	9.0	2
1631598715.4754977	1	18	14.0	2
1631598743.4759102	1	19	11.0	2
1631598771.479039	1	20	22.0	2
1631598799.9900382	1	21	9.0	3
1631599334.1333666	2	1	1.0	0
1631599362.5354903	2	2	11.0	1
1631599390.4655268	2	3	14.0	1
1631599418.4689481	2	4	7.0	1
1631599450.341732	2	5	11.0	1
1631599478.4247892	2	6	21.0	2
1631599507.6073885	2	7	18.0	1
1631599534.6345916	2	8	8.0	2
1631599563.3576765	2	9	17.0	2
1631599595.2374582	2	10	10.0	2
1631599623.6962945	2	11	18.0	2
1631599651.8208466	2	12	21.0	2
1631599680.2268486	2	13	12.0	1
1631599712.4855926	2	14	15.0	1
1631599741.0390675	2	15	11.0	2
1631599769.446231	2	16	9.0	2
1631599797.9485629	2	17	20.0	1
1631599830.2755072	2	18	12.0	2
1631599858.676193	2	19	13.0	2
1631599887.1700401	2	20	17.0	2
1631599915.6233943	2	21	10.0	2
1631599944.0746002	2	22	16.0	2
1631599975.9406416	2	23	15.0	2
1631600004.4654531	2	24	15.0	1
1631600032.9409778	2	25	11.0	3
1631600564.0649748	3	1	0.0	0
1631600592.4684463	3	2	11.0	0
1631600621.0681927	3	3	10.0	0
1631600649.550332	3	4	17.0	0
1631600678.4643686	3	5	7.0	0
1631600707.8657277	3	6	7.0	0
1631600740.2324424	3	7	15.0	0
1631600769.1391559	3	8	16.0	0
1631600798.0607858	3	9	12.0	0
1631600827.0252059	3	10	5.0	0
1631600859.3686152	3	11	13.0	0
1631600888.2689364	3	12	8.0	0
1631600917.2733548	3	13	17.0	2
1631600946.137374	3	14	15.0	2
1631600974.6072981	3	15	13.0	2
1631601007.0447202	3	16	7.0	2
1631601035.864264	3	17	8.0	2
1631601064.3336623	3	18	13.0	2
1631601093.248952	3	19	17.0	2
1631601125.6119983	3	20	12.0	2
1631601154.5205905	3	21	16.0	2
1631601183.000353	3	22	9.0	2
1631601211.9208815	3	23	21.0	2
1631601244.3187473	3	24	11.0	2
1631601273.1944978	3	25	27.0	2
1631601301.7211087	3	26	12.0	2
1631601330.6015198	3	27	9.0	2
1631601359.06552	3	28	17.0	2
1631601391.3931105	3	29	19.0	2
1631601420.3300295	3	30	7.0	2
1631601449.7228262	3	31	12.0	2
1631601478.6497033	3	32	10.0	2
1631601511.9249997	3	33	11.0	2
1631601540.8473382	3	34	12.0	2
1631601569.8307602	3	35	20.0	2
1631601598.716941	3	36	17.0	2
1631601631.6235101	3	37	17.0	2
1631601660.4390433	3	38	17.0	2
1631601689.3643594	3	39	10.0	2
1631601718.3167117	3	40	14.0	2
1631601751.1101942	3	41	18.0	2
1631601780.047998	3	42	12.0	2
1631601809.4524405	3	43	11.0	2
1631601838.3811357	3	44	5.0	2
1631601867.787232	3	45	16.0	2
1631601900.634213	3	46	14.0	3
1631602436.9269907	4	1	1.0	0
1631602466.7004213	4	2	15.0	0
1631602496.1231585	4	3	6.0	0
1631602529.425912	4	4	17.0	0
1631602559.244408	4	5	10.0	0
1631602588.6954455	4	6	9.0	2
1631602618.0272698	4	7	24.0	2
1631602651.3128228	4	8	14.0	2
1631602680.8005276	4	9	13.0	2
1631602710.1142323	4	10	15.0	2
1631602739.09916	4	11	18.0	2
1631602768.4191902	4	12	8.0	2
1631602797.9588904	4	13	10.0	2
1631602827.3506308	4	14	21.0	2
1631602856.74469	4	15	14.0	2
1631602886.2322886	4	16	13.0	2
1631602919.4249403	4	17	10.0	2
1631602948.8820424	4	18	16.0	3
1631603481.877194	5	1	1.0	0
1631603511.2220345	5	2	15.0	0
1631603544.5140214	5	3	4.0	0
1631603574.3869276	5	4	12.0	0
1631603604.221575	5	5	14.0	0
1631603634.5326161	5	6	9.0	0
1631603663.9410603	5	7	8.0	0
1631603693.9794567	5	8	16.0	0
1631603723.8869705	5	9	11.0	1
1631603753.7311282	5	10	12.0	2
1631603783.540606	5	11	15.0	2
1631603817.2921891	5	12	11.0	2
1631603847.16236	5	13	11.0	2
1631603877.0112972	5	14	16.0	2
1631603906.883487	5	15	16.0	2
1631603940.4120517	5	16	19.0	2
1631603970.5708544	5	17	11.0	2
1631604000.4584577	5	18	9.0	2
1631604030.3119113	5	19	15.0	2
1631604064.0647814	5	20	13.0	2
1631604094.4473426	5	21	10.0	3
1631604641.4625685	6	1	9.0	1
1631604671.6947584	6	2	12.0	1
1631604705.8986115	6	3	13.0	1
1631604735.7604682	6	4	13.0	1
1631604766.080373	6	5	8.0	1
1631604796.4272242	6	6	11.0	1
1631604830.6208181	6	7	12.0	1
1631604860.961416	6	8	14.0	1
1631604890.9052932	6	9	19.0	1
1631604920.6869202	6	10	5.0	1
1631604954.420749	6	11	13.0	1
1631604984.769145	6	12	8.0	1
1631605015.0851407	6	13	16.0	1
1631605044.9680834	6	14	8.0	1
1631605079.1605663	6	15	12.0	1
1631605109.4857447	6	16	16.0	1
1631605139.8080382	6	17	13.0	1
1631605169.6987097	6	18	12.0	1
1631605200.0037525	6	19	10.0	1
1631605230.018443	6	20	12.0	1
1631605260.3725982	6	21	13.0	1
1631605290.6776295	6	22	15.0	1
1631605320.5497236	6	23	12.0	1
1631605354.285117	6	24	8.0	1
1631605384.5973766	6	25	9.0	1
1631605414.9583697	6	26	8.0	1
1631605445.3471684	6	27	14.0	1
1631605479.4732034	6	28	13.0	1
1631605509.8080363	6	29	10.0	1
1631605540.1606498	6	30	14.0	1
1631605570.489763	6	31	13.0	1
1631605605.145135	6	32	16.0	1
1631605635.963684	6	33	12.0	1
1631605667.7475877	6	34	10.0	2
1631605697.9857833	6	35	9.0	2
1631605733.1894565	6	36	13.0	3
1631606284.3911872	7	1	14.0	0
1631606315.152143	7	2	4.0	0
1631606345.9685004	7	3	10.0	0
1631606380.5966272	7	4	18.0	0
1631606411.4318984	7	5	8.0	1
1631606441.7386894	7	6	15.0	1
1631606472.5376832	7	7	13.0	1
1631606506.7340925	7	8	9.0	1
1631606537.5298913	7	9	11.0	1
1631606567.8687615	7	10	23.0	1
1631606598.2355018	7	11	7.0	1
1631606632.862889	7	12	12.0	1
1631606663.6614165	7	13	17.0	1
1631606694.9518204	7	14	14.0	1
1631606725.9691343	7	15	15.0	1
1631606760.4561212	7	16	5.0	1
1631606791.6520712	7	17	17.0	1
1631606822.4537754	7	18	15.0	1
1631606853.274479	7	19	16.0	1
1631606887.9430318	7	20	14.0	1
1631606918.7397897	7	21	12.0	1
1631606949.977004	7	22	16.0	1
1631606980.777303	7	23	15.0	1
1631607015.9213505	7	24	11.0	1
1631607046.7381468	7	25	6.0	1
1631607077.5586379	7	26	8.0	1
1631607108.3273811	7	27	13.0	1
1631607143.1132386	7	28	5.0	1
1631607174.7421656	7	29	13.0	1
1631607205.542646	7	30	14.0	1
1631607237.3112757	7	31	9.0	2
1631607271.9249485	7	32	11.0	2
1631607302.7223568	7	33	7.0	2
1631607333.6158388	7	34	11.0	3
1631607882.43206	8	1	13.0	0
1631607918.0062146	8	2	12.0	1
1631607948.820391	8	3	14.0	2
1631607980.1588717	8	4	12.0	1
1631608011.7592154	8	5	14.0	1
1631608046.955843	8	6	11.0	1
1631608078.5826998	8	7	10.0	1
1631608109.9949348	8	8	8.0	1
1631608141.315569	8	9	20.0	2
1631608176.8356457	8	10	5.0	2
1631608208.1158473	8	11	9.0	2
1631608238.932144	8	12	11.0	2
1631608270.2115848	8	13	12.0	2
1631608305.3388784	8	14	9.0	2
1631608336.6535347	8	15	14.0	3
1631608890.1743903	9	1	16.0	0
1631608925.726515	9	2	10.0	0
1631608957.9301202	9	3	8.0	0
1631608990.129708	9	4	15.0	0
1631609021.8421304	9	5	16.0	0
1631609057.489209	9	6	17.0	0
1631609089.1595817	9	7	15.0	0
1631609121.3529406	9	8	15.0	0
1631609153.1097171	9	9	14.0	0
1631609189.1993353	9	10	17.0	0
1631609220.929443	9	11	12.0	0
1631609253.1106935	9	12	15.0	0
1631609284.8346016	9	13	4.0	0
1631609320.9233682	9	14	8.0	0
1631609353.593649	9	15	12.0	0
1631609385.8035932	9	16	17.0	0
1631609417.5065517	9	17	13.0	0
1631609453.1779041	9	18	12.0	2
1631609484.836982	9	19	14.0	2
1631609516.5790308	9	20	13.0	2
1631609548.756382	9	21	14.0	2
1631609584.3458252	9	22	8.0	2
1631609616.099439	9	23	14.0	2
1631609648.2953153	9	24	12.0	2
1631609680.0644853	9	25	17.0	3
1631610244.5883245	10	1	9.0	0
1631610277.1365695	10	2	7.0	1
1631610308.8252704	10	3	19.0	1
1631610344.5096192	10	4	13.0	1
1631610377.1101854	10	5	20.0	1
1631610409.2796526	10	6	13.0	1
1631610441.930135	10	7	9.0	1
1631610477.999584	10	8	14.0	1
1631610510.2806497	10	9	9.0	2
1631610542.88396	10	10	11.0	2
1631610575.1193693	10	11	13.0	1
1631610611.2713943	10	12	11.0	3
1631611172.1900291	11	1	10.0	0
1631611204.4090106	11	2	26.0	1
1631611240.3897202	11	3	9.0	1
1631611272.6586707	11	4	12.0	2
1631611305.3549783	11	5	13.0	4
1631611869.258858	12	1	13.0	0
1631611901.8604176	12	2	18.0	0
1631611934.5108492	12	3	14.0	0
1631611967.2467442	12	4	22.0	1
1631612003.7180157	12	5	9.0	1
1631612036.3865798	12	6	14.0	1
1631612069.0644813	12	7	6.0	1
1631612101.7069583	12	8	13.0	1
1631612138.2590973	12	9	11.0	1
1631612171.0078952	12	10	15.0	1
1631612204.5417302	12	11	18.0	1
1631612236.9033165	12	12	11.0	1
1631612272.874497	12	13	16.0	1
1631612305.9922874	12	14	10.0	1
1631612338.1887565	12	15	25.0	1
1631612374.2982566	12	16	10.0	1
1631612406.948286	12	17	12.0	1
1631612440.5989404	12	18	17.0	2
1631612473.6754339	12	19	9.0	2
1631612510.2616203	12	20	15.0	2
1631612543.7996511	12	21	8.0	2
1631612576.4875767	12	22	16.0	2
1631612609.5990012	12	23	10.0	2
1631612646.627228	12	24	22.0	2
1631612680.201269	12	25	13.0	2
1631612712.866675	12	26	7.0	2
1631612746.473036	12	27	8.0	2
1631612783.0022805	12	28	10.0	2
1631612815.6619859	12	29	11.0	2
1631612848.3829188	12	30	10.0	3
1631613416.5228157	13	1	14.0	0
1631613449.582354	13	2	12.0	0
1631613483.1834135	13	3	24.0	0
1631613516.7785683	13	4	13.0	0
1631613554.355124	13	5	9.0	1
1631613587.3756175	13	6	14.0	1
1631613621.0811086	13	7	21.0	2
1631613658.460043	13	8	17.0	2
1631613691.6055946	13	9	13.0	2
1631613725.1697912	13	10	18.0	2
1631613758.324472	13	11	15.0	2
1631613794.9253807	13	12	12.0	2
1631613827.5305066	13	13	15.0	2
1631613860.641932	13	14	9.0	2
1631613894.7096574	13	15	13.0	2
1631613931.25232	13	16	19.0	2
1631613963.9306614	13	17	18.0	2
1631613996.5627854	13	18	14.0	2
1631614029.2441394	13	19	17.0	2
1631614065.771894	13	20	15.0	2
1631614098.9223418	13	21	12.0	2
1631614132.508907	13	22	10.0	2
1631614169.1224964	13	23	5.0	2
1631614203.1186743	13	24	7.0	2
1631614236.7387786	13	25	17.0	2
1631614270.4169998	13	26	17.0	2
1631614307.8044686	13	27	11.0	2
1631614341.3751926	13	28	14.0	2
1631614374.9631584	13	29	12.0	2
1631614408.5546525	13	30	16.0	2
1631614446.043267	13	31	10.0	2
1631614479.2197707	13	32	25.0	3
1631615056.5417278	14	1	18.0	0
1631615090.3179939	14	2	7.0	1
1631615124.2728007	14	3	10.0	1
1631615158.3424509	14	4	4.0	1
1631615196.281631	14	5	16.0	1
1631615230.3404462	14	6	6.0	1
1631615263.9507027	14	7	11.0	1
1631615298.033782	14	8	9.0	1
1631615335.4994814	14	9	7.0	1
1631615368.6045017	14	10	6.0	1
1631615401.7314203	14	11	15.0	1
1631615435.404474	14	12	13.0	2
1631615473.3062694	14	13	14.0	2
1631615506.9133244	14	14	14.0	2
1631615541.4119544	14	15	18.0	2
1631615578.9003222	14	16	20.0	2
1631615612.9540906	14	17	9.0	2
1631615647.0123777	14	18	15.0	2
1631615680.6235807	14	19	14.0	2
1631615718.5400596	14	20	10.0	2
1631615752.624552	14	21	11.0	2
1631615786.690954	14	22	15.0	2
1631615821.207918	14	23	9.0	2
1631615859.2082205	14	24	13.0	3
1631616441.2842362	15	1	10.0	0
1631616479.64961	15	2	10.0	0
1631616515.1067626	15	3	8.0	0
1631616549.6324053	15	4	13.0	0
1631616583.2374842	15	5	20.0	0
1631616621.1407588	15	6	16.0	0
1631616655.240003	15	7	9.0	0
1631616689.3002715	15	8	15.0	0
1631616727.2253087	15	9	11.0	0
1631616761.2987401	15	10	13.0	0
1631616795.8062794	15	11	11.0	0
1631616829.4168897	15	12	7.0	0
1631616866.9005945	15	13	13.0	0
1631616900.4877114	15	14	15.0	0
1631616935.494595	15	15	8.0	0
1631616970.0086641	15	16	15.0	0
1631617007.5310469	15	17	13.0	1
1631617041.54822	15	18	9.0	1
1631617075.613965	15	19	11.0	1
1631617114.053035	15	20	8.0	1
1631617149.4715111	15	21	13.0	2
1631617184.0179224	15	22	13.0	2
1631617218.531098	15	23	14.0	2
1631617256.9333339	15	24	13.0	2
1631617291.5151649	15	25	15.0	2
1631617326.0053961	15	26	11.0	2
1631617360.5247242	15	27	15.0	2
1631617394.2995708	15	28	17.0	2
1631617428.3352797	15	29	11.0	2
1631617462.39775	15	30	14.0	2
1631617500.8094451	15	31	14.0	2
1631617535.3268147	15	32	9.0	2
1631617569.396703	15	33	17.0	2
1631617604.8784595	15	34	14.0	2
1631617643.3348541	15	35	6.0	4
1631618226.2812054	16	1	15.0	1
1631618265.0559905	16	2	11.0	1
1631618299.1961832	16	3	14.0	2
1631618334.1141741	16	4	12.0	2
1631618368.307019	16	5	17.0	2
1631618406.586181	16	6	12.0	2
1631618442.5075397	16	7	6.0	2
1631618477.1025221	16	8	6.0	2
1631618512.1241467	16	9	9.0	2
1631618546.2649133	16	10	14.0	2
1631618581.263457	16	11	9.0	2
1631618615.310379	16	12	9.0	2
1631618653.7574823	16	13	9.0	2
1631618688.3877614	16	14	12.0	2
1631618723.7015781	16	15	11.0	2
1631618759.6506822	16	16	8.0	2
1631618797.6130037	16	17	14.0	2
1631618833.0892358	16	18	8.0	2
1631618868.1337159	16	19	10.0	3
1631619459.5746653	17	1	8.0	0
1631619495.8962507	17	2	6.0	0
1631619531.856205	17	3	13.0	0
1631619570.6858485	17	4	18.0	0
1631619606.2389343	17	5	11.0	1
1631619641.6232605	17	6	6.0	1
1631619681.9535067	17	7	17.0	2
1631619717.3741033	17	8	8.0	2
1631619753.2888808	17	9	11.0	2
1631619788.3523753	17	10	10.0	3
1631620388.2374835	18	1	12.0	0
1631620424.0710633	18	2	7.0	0
1631620463.879292	18	3	15.0	0
1631620499.377047	18	4	11.0	0
1631620534.8116782	18	5	10.0	0
1631620573.732863	18	6	16.0	1
1631620608.7496746	18	7	11.0	1
1631620643.3242078	18	8	18.0	1
1631620678.355441	18	9	10.0	2
1631620719.0805686	18	10	17.0	2
1631620754.9698448	18	11	9.0	2
1631620790.9664261	18	12	15.0	3
1631621396.8966205	19	1	13.0	0
1631621433.2542255	19	2	6.0	0
1631621473.5136766	19	3	8.0	0
1631621510.3776548	19	4	12.0	0
1631621546.2688882	19	5	16.0	0
1631621582.2642608	19	6	16.0	0
1631621622.5202734	19	7	11.0	0
1631621658.4478574	19	8	17.0	0
1631621695.826833	19	9	7.0	1
1631621736.0338128	19	10	10.0	1
1631621771.510209	19	11	12.0	1
1631621807.9049964	19	12	21.0	1
1631621847.7062957	19	13	11.0	1
1631621884.5415459	19	14	15.0	1
1631621921.428669	19	15	12.0	1
1631621957.8450563	19	16	11.0	1
1631621999.5020566	19	17	11.0	1
1631622035.9007025	19	18	9.0	1
1631622072.7328808	19	19	9.0	1
1631622113.0350788	19	20	10.0	1
1631622149.4326198	19	21	12.0	1
1631622187.2086573	19	22	14.0	1
1631622223.6133847	19	23	10.0	1
1631622263.859818	19	24	8.0	1
1631622299.8093758	19	25	14.0	1
1631622336.3778434	19	26	7.0	2
1631622376.1415043	19	27	5.0	2
1631622411.9433715	19	28	11.0	2
1631622447.898859	19	29	16.0	2
1631622489.092263	19	30	11.0	2
1631622525.0221748	19	31	14.0	2
1631622561.4015741	19	32	17.0	2
1631622597.8058944	19	33	14.0	2
1631622638.5362628	19	34	6.0	2
1631622676.329998	19	35	16.0	2
1631622712.7555044	19	36	8.0	2
1631622753.0506155	19	37	19.0	3