1	541.43298	145	61.8	32.1645767887594	14.38443603343558	[1.0, 57.0, 81.0, 83.0, 87.0]
2	541.4328800000001	140.0	0.0	0.0	0.0	[0.0, 0.0, 0.0, 0.0, 0.0]
3	541.43298	145	80.2	4.214261501141095	1.8846750383023592	[73.0, 82.0, 80.0, 86.0, 80.0]
4	541.4328800000001	141.0	0.0	0.0	0.0	[0.0, 0.0, 0.0, 0.0, 0.0]
5	541.43298	145	69.0	6.44980619863884	2.8844410203711917	[68.0, 70.0, 71.0, 58.0, 78.0]
6	541.4328800000001	142.0	3.8	0.9797958971132712	0.43817804600413285	[2.0, 4.0, 5.0, 4.0, 4.0]
7	541.43298	145	92.8	11.872657663724663	5.309613921934437	[87.0, 105.0, 109.0, 83.0, 80.0]
8	541.4328800000001	143.0	0.4	0.8	0.35777087639996635	[0.0, 0.0, 0.0, 0.0, 2.0]
9	541.43298	145	97.4	11.637869220780924	5.204613338183731	[85.0, 117.0, 91.0, 90.0, 104.0]
10	541.4328800000001	144.0	0.2	0.4000000000000001	0.1788854381999832	[1.0, 0.0, 0.0, 0.0, 0.0]
11	541.43298	145	93.8	10.533755265810955	4.710838566539932	[108.0, 99.0, 76.0, 91.0, 95.0]
12	541.4328800000001	145.0	0.2	0.4	0.17888543819998318	[0.0, 0.0, 0.0, 0.0, 1.0]
13	541.43298	145	109.0	10.936178491593852	4.890807704254993	[107.0, 89.0, 121.0, 114.0, 114.0]
14	541.4328800000001	146.0	0.0	0.0	0.0	[0.0, 0.0, 0.0, 0.0, 0.0]
15	541.43298	145	133.4	17.624982269494627	7.882131691363701	[154.0, 105.0, 131.0, 127.0, 150.0]
16	541.4328800000001	147.0	0.0	0.0	0.0	[0.0, 0.0, 0.0, 0.0, 0.0]
17	541.43298	145	133.0	8.899438184514796	3.97994974842648	[126.0, 145.0, 138.0, 120.0, 136.0]
18	541.4328800000001	148.0	0.2	0.4000000000000001	0.1788854381999832	[1.0, 0.0, 0.0, 0.0, 0.0]
19	541.43298	145	157.4	13.215142829345433	5.909991539757058	[137.0, 152.0, 157.0, 177.0, 164.0]
20	541.4328800000001	149.0	0.4	0.48989794855663565	0.21908902300206645	[0.0, 0.0, 1.0, 1.0, 0.0]
21	541.43298	145	170.4	20.905501668221213	9.349224566775577	[186.0, 142.0, 201.0, 157.0, 166.0]
22	541.4328800000001	150.0	1.0	0.0	0.0	[1.0, 1.0, 1.0, 1.0, 1.0]
23	541.43298	145	156.4	4.963869458396343	2.219909908081857	[159.0, 156.0, 147.0, 161.0, 159.0]
24	541.4328800000001	151.0	0.2	0.4000000000000001	0.1788854381999832	[0.0, 0.0, 1.0, 0.0, 0.0]
25	541.43298	145	165.0	13.784048752090222	6.164414002968976	[161.0, 187.0, 144.0, 165.0, 168.0]
26	541.4328800000001	152.0	0.6	0.8	0.35777087639996635	[0.0, 0.0, 0.0, 2.0, 1.0]
27	541.43298	145	174.0	14.669696656713798	6.56048778674269	[195.0, 155.0, 186.0, 163.0, 171.0]
28	541.4328800000001	153.0	0.0	0.0	0.0	[0.0, 0.0, 0.0, 0.0, 0.0]
29	541.43298	145	159.4	14.277254638059796	6.384982380555172	[185.0, 155.0, 157.0, 141.0, 159.0]
30	541.4328800000001	154.0	0.6	0.7999999999999999	0.3577708763999663	[0.0, 1.0, 2.0, 0.0, 0.0]
31	541.43298	145	171.6	14.374978260853128	6.428685713269859	[184.0, 154.0, 183.0, 183.0, 154.0]
32	541.4328800000001	155.0	0.2	0.4000000000000001	0.1788854381999832	[1.0, 0.0, 0.0, 0.0, 0.0]
33	541.43298	145	163.6	20.8	9.302042786399126	[142.0, 186.0, 142.0, 190.0, 158.0]
34	541.4328800000001	156.0	0.0	0.0	0.0	[0.0, 0.0, 0.0, 0.0, 0.0]
35	541.43298	145	148.6	14.079772725438433	6.296665784365564	[139.0, 126.0, 154.0, 162.0, 162.0]
36	541.4328800000001	157.0	0.6	0.48989794855663565	0.21908902300206645	[1.0, 0.0, 0.0, 1.0, 1.0]
37	541.43298	145	157.6	13.26046756340062	5.930261377038958	[136.0, 165.0, 151.0, 175.0, 161.0]
38	541.4328800000001	158.0	0.0	0.0	0.0	[0.0, 0.0, 0.0, 0.0, 0.0]
39	541.43298	145	177.8	13.876599006961325	6.205803735214319	[157.0, 197.0, 168.0, 183.0, 184.0]
40	541.4328800000001	159.0	1.0	0.8944271909999159	0.39999999999999997	[0.0, 0.0, 2.0, 2.0, 1.0]
41	541.43298	145	188.6	9.93176721434811	4.441621325597219	[175.0, 206.0, 187.0, 188.0, 187.0]
42	541.4328800000001	160.0	0.2	0.4000000000000001	0.1788854381999832	[0.0, 1.0, 0.0, 0.0, 0.0]
43	541.43298	145	181.0	15.684387141358123	7.014271166700072	[181.0, 180.0, 153.0, 199.0, 192.0]
44	541.4328800000001	161.0	0.0	0.0	0.0	[0.0, 0.0, 0.0, 0.0, 0.0]
45	541.43298	145	185.2	18.048822676285564	8.07167888360284	[204.0, 182.0, 196.0, 192.0, 152.0]
46	541.4328800000001	162.0	0.0	0.0	0.0	[0.0, 0.0, 0.0, 0.0, 0.0]
47	541.43298	145	174.0	19.667231630303235	8.795453370918409	[149.0, 208.0, 168.0, 165.0, 180.0]
48	541.4328800000001	163.0	0.0	0.0	0.0	[0.0, 0.0, 0.0, 0.0, 0.0]
49	541.43298	145	173.2	17.747112441183216	7.936749964563582	[147.0, 194.0, 181.0, 158.0, 186.0]
50	541.4328800000001	164.0	0.0	0.0	0.0	[0.0, 0.0, 0.0, 0.0, 0.0]
51	541.43298	145	175.2	19.363883907935413	8.659792145311572	[161.0, 188.0, 190.0, 193.0, 144.0]
52	541.4328800000001	165.0	0.0	0.0	0.0	[0.0, 0.0, 0.0, 0.0, 0.0]
53	541.43298	145	191.0	12.853015210447703	5.748043145279966	[182.0, 207.0, 171.0, 196.0, 199.0]
54	541.4328800000001	166.0	0.0	0.0	0.0	[0.0, 0.0, 0.0, 0.0, 0.0]
55	541.43298	145	161.8	16.72602762164406	7.48010695110705	[147.0, 146.0, 192.0, 165.0, 159.0]
56	541.4328800000001	167.0	0.2	0.4000000000000001	0.1788854381999832	[1.0, 0.0, 0.0, 0.0, 0.0]
57	541.43298	145	173.4	20.771133815947554	9.289133436440666	[155.0, 195.0, 178.0, 144.0, 195.0]
58	541.4328800000001	168.0	0.6	0.7999999999999999	0.3577708763999663	[0.0, 1.0, 2.0, 0.0, 0.0]
59	541.43298	145	200.4	18.315021157508937	8.190726463507373	[190.0, 207.0, 173.0, 228.0, 204.0]
60	541.4328800000001	169.0	0.2	0.4000000000000001	0.1788854381999832	[0.0, 0.0, 1.0, 0.0, 0.0]
61	541.43298	145	216.2	14.119490075778232	6.3144279234147564	[211.0, 210.0, 222.0, 198.0, 240.0]
62	541.4328800000001	170.0	0.0	0.0	0.0	[0.0, 0.0, 0.0, 0.0, 0.0]
63	541.43298	145	227.0	38.76596445337069	17.33666634621547	[186.0, 181.0, 284.0, 245.0, 239.0]
64	541.4328800000001	171.0	0.0	0.0	0.0	[0.0, 0.0, 0.0, 0.0, 0.0]
65	541.43298	145	218.2	27.938503896951964	12.494478780645474	[204.0, 173.0, 222.0, 253.0, 239.0]
66	541.4328800000001	172.0	0.0	0.0	0.0	[0.0, 0.0, 0.0, 0.0, 0.0]
67	541.43298	145	201.6	10.518555033843764	4.704040816149451	[189.0, 189.0, 208.0, 214.0, 208.0]
68	541.4328800000001	173.0	0.0	0.0	0.0	[0.0, 0.0, 0.0, 0.0, 0.0]
69	541.43298	145	220.2	18.903967837467352	8.454111425809339	[227.0, 201.0, 228.0, 197.0, 248.0]
70	541.4328800000001	174.0	0.4	0.48989794855663565	0.21908902300206645	[0.0, 0.0, 1.0, 0.0, 1.0]
71	541.43298	145	228.2	18.829763673503713	8.420926314842092	[223.0, 252.0, 196.0, 240.0, 230.0]
72	541.4328800000001	175.0	0.0	0.0	0.0	[0.0, 0.0, 0.0, 0.0, 0.0]
73	541.43298	145	216.0	9.316651759081692	4.166533331199931	[212.0, 213.0, 219.0, 232.0, 204.0]
74	541.4328800000001	176.0	0.2	0.4	0.17888543819998318	[0.0, 0.0, 0.0, 0.0, 1.0]
75	541.43298	145	211.8	10.533755265810953	4.710838566539931	[213.0, 209.0, 229.0, 196.0, 212.0]
76	541.4328800000001	177.0	0.0	0.0	0.0	[0.0, 0.0, 0.0, 0.0, 0.0]
77	541.43298	145	217.2	9.453041838477178	4.2275288289969115	[228.0, 221.0, 211.0, 224.0, 202.0]
78	541.4328800000001	178.0	0.0	0.0	0.0	[0.0, 0.0, 0.0, 0.0, 0.0]
79	541.43298	145	199.8	11.989995829857492	5.362089145100071	[212.0, 182.0, 201.0, 213.0, 191.0]
80	541.4328800000001	179.0	0.0	0.0	0.0	[0.0, 0.0, 0.0, 0.0, 0.0]
81	541.43298	145	217.2	15.904716281656833	7.112805353726474	[217.0, 219.0, 238.0, 189.0, 223.0]
82	541.4328800000001	180.0	0.0	0.0	0.0	[0.0, 0.0, 0.0, 0.0, 0.0]
83	541.43298	145	215.8	24.194214184387143	10.819981515695856	[259.0, 199.0, 199.0, 196.0, 226.0]
84	541.4329	140.0	0.0	0.0	0.0	[0.0, 0.0, 0.0, 0.0, 0.0]
85	541.43298	145	212.4	22.826300620118015	10.208231972285896	[207.0, 241.0, 202.0, 178.0, 234.0]
86	541.4329	141.0	0.0	0.0	0.0	[0.0, 0.0, 0.0, 0.0, 0.0]
87	541.43298	145	223.4	19.865548066942427	8.884143177594561	[247.0, 216.0, 211.0, 246.0, 197.0]
88	541.4329	142.0	3.8	1.16619037896906	0.5215361924162119	[2.0, 5.0, 5.0, 4.0, 3.0]
89	541.43298	145	210.2	8.657944328765346	3.8719504129056204	[220.0, 201.0, 221.0, 207.0, 202.0]
90	541.4329	143.0	0.8	0.4	0.17888543819998318	[1.0, 1.0, 1.0, 1.0, 0.0]
91	541.43298	145	223.4	18.380424369420854	8.219975669063746	[229.0, 205.0, 208.0, 256.0, 219.0]
92	541.4329	144.0	0.2	0.4000000000000001	0.1788854381999832	[0.0, 1.0, 0.0, 0.0, 0.0]
93	541.43298	145	224.0	15.479018056711478	6.922427319950712	[216.0, 253.0, 208.0, 225.0, 218.0]
94	541.4329	145.0	0.0	0.0	0.0	[0.0, 0.0, 0.0, 0.0, 0.0]
95	541.43298	145	203.4	7.172168430816443	3.2074912314767126	[203.0, 211.0, 200.0, 192.0, 211.0]
96	541.4329	146.0	0.0	0.0	0.0	[0.0, 0.0, 0.0, 0.0, 0.0]
97	541.43298	145	203.2	16.04244370412438	7.174398929527127	[188.0, 192.0, 215.0, 229.0, 192.0]
98	541.4329	147.0	0.6	0.7999999999999999	0.3577708763999663	[0.0, 1.0, 0.0, 0.0, 2.0]
99	541.43298	145	217.6	22.383922801868312	10.01039459761702	[230.0, 195.0, 187.0, 244.0, 232.0]
100	541.4329	148.0	0.4	0.48989794855663565	0.21908902300206645	[0.0, 0.0, 0.0, 1.0, 1.0]
101	541.43298	145	199.4	9.645724441429996	4.313699108653732	[199.0, 205.0, 181.0, 204.0, 208.0]
102	541.4329	149.0	0.8	0.7483314773547883	0.3346640106136302	[1.0, 2.0, 1.0, 0.0, 0.0]
103	541.43298	145	213.4	24.021656895393374	10.742811550055228	[193.0, 230.0, 183.0, 249.0, 212.0]
104	541.4329	150.0	1.2	0.9797958971132713	0.4381780460041329	[2.0, 0.0, 0.0, 2.0, 2.0]
105	541.43298	145	223.8	17.010584939971935	7.607364852562284	[221.0, 251.0, 202.0, 212.0, 233.0]
106	541.4329	151.0	1.0	0.0	0.0	[1.0, 1.0, 1.0, 1.0, 1.0]
107	541.43298	145	207.6	19.509997437211517	8.725136102090326	[217.0, 211.0, 171.0, 229.0, 210.0]
108	541.4329	152.0	0.6	0.8	0.35777087639996635	[0.0, 0.0, 0.0, 1.0, 2.0]
109	541.43298	145	196.0	16.260381299342274	7.271863585079136	[199.0, 188.0, 169.0, 214.0, 210.0]
110	541.4329	153.0	1.4	0.8	0.35777087639996635	[2.0, 0.0, 1.0, 2.0, 2.0]
111	541.43298	145	207.0	9.838699100999074	4.3999999999999995	[220.0, 192.0, 206.0, 215.0, 202.0]
112	541.4329	154.0	0.4	0.8000000000000002	0.3577708763999664	[2.0, 0.0, 0.0, 0.0, 0.0]
113	541.43298	145	199.0	21.73476477903545	9.720082304178293	[182.0, 213.0, 171.0, 232.0, 197.0]
114	541.4329	155.0	0.6	0.7999999999999999	0.3577708763999663	[1.0, 0.0, 2.0, 0.0, 0.0]
115	541.43298	145	185.0	11.8490505948789	5.299056519796708	[193.0, 184.0, 188.0, 163.0, 197.0]
116	541.4329	156.0	0.4	0.8000000000000002	0.3577708763999664	[2.0, 0.0, 0.0, 0.0, 0.0]
117	541.43298	145	168.4	5.851495535331117	2.61686835740738	[170.0, 168.0, 158.0, 176.0, 170.0]
118	541.4329	157.0	0.4	0.48989794855663565	0.21908902300206645	[0.0, 1.0, 1.0, 0.0, 0.0]
119	541.43298	145	192.2	8.034923770640265	3.5933271490361123	[189.0, 207.0, 194.0, 186.0, 185.0]
120	541.4329	158.0	0.2	0.4	0.17888543819998318	[0.0, 0.0, 0.0, 0.0, 1.0]
121	541.43298	145	196.6	7.28285658241325	3.256992477731565	[201.0, 190.0, 205.0, 186.0, 201.0]
122	541.4329	159.0	0.2	0.4000000000000001	0.1788854381999832	[0.0, 0.0, 1.0, 0.0, 0.0]
123	541.43298	145	188.8	25.293477420078087	11.311586979730121	[146.0, 213.0, 174.0, 204.0, 207.0]
124	541.4329	160.0	0.4	0.48989794855663565	0.21908902300206645	[1.0, 0.0, 0.0, 0.0, 1.0]
125	541.43298	145	196.8	18.956792977716457	8.47773554671293	[209.0, 165.0, 221.0, 199.0, 190.0]
126	541.4329	161.0	0.4	0.48989794855663565	0.21908902300206645	[0.0, 1.0, 1.0, 0.0, 0.0]
127	541.43298	145	208.8	12.253978945632314	5.48014598345701	[204.0, 220.0, 191.0, 225.0, 204.0]
128	541.4329	162.0	0.4	0.48989794855663565	0.21908902300206645	[0.0, 0.0, 1.0, 0.0, 1.0]
129	541.43298	145	205.6	17.82806775845324	7.972954283074749	[220.0, 206.0, 230.0, 183.0, 189.0]
130	541.4329	163.0	0.6	0.48989794855663565	0.21908902300206645	[0.0, 1.0, 1.0, 0.0, 1.0]
131	541.43298	145	200.6	13.734627770711517	6.14231226819347	[174.0, 210.0, 203.0, 212.0, 204.0]
132	541.4329	164.0	0.4	0.8000000000000002	0.3577708763999664	[2.0, 0.0, 0.0, 0.0, 0.0]
133	541.43298	145	205.4	13.893883546366725	6.21353361622837	[201.0, 229.0, 188.0, 211.0, 198.0]
134	541.4329	165.0	0.2	0.4000000000000001	0.1788854381999832	[0.0, 1.0, 0.0, 0.0, 0.0]
135	541.43298	145	207.6	6.019966777316965	2.692210987274214	[206.0, 213.0, 215.0, 206.0, 198.0]
136	541.4329	166.0	0.4	0.48989794855663565	0.21908902300206645	[0.0, 1.0, 0.0, 0.0, 1.0]
137	541.43298	145	196.4	10.910545357588685	4.879344218232609	[188.0, 192.0, 192.0, 192.0, 218.0]
138	541.4329	167.0	0.0	0.0	0.0	[0.0, 0.0, 0.0, 0.0, 0.0]
139	541.43298	145	205.4	19.345283662949996	8.651473862874463	[216.0, 198.0, 188.0, 187.0, 238.0]
140	541.4329	168.0	0.2	0.4000000000000001	0.1788854381999832	[0.0, 0.0, 1.0, 0.0, 0.0]
141	541.43298	145	207.8	7.0823724838503095	3.1673332631726647	[209.0, 196.0, 212.0, 205.0, 217.0]
142	541.4329	169.0	0.4	0.48989794855663565	0.21908902300206645	[0.0, 1.0, 0.0, 1.0, 0.0]
143	541.43298	145	207.0	15.786069808536892	7.059745037889115	[211.0, 219.0, 182.0, 226.0, 197.0]
144	541.4329	170.0	0.4	0.48989794855663565	0.21908902300206645	[1.0, 0.0, 0.0, 1.0, 0.0]
145	541.43298	145	224.6	18.661189672687	8.345537729829037	[221.0, 219.0, 210.0, 212.0, 261.0]
146	541.4329	171.0	0.0	0.0	0.0	[0.0, 0.0, 0.0, 0.0, 0.0]
147	541.43298	145	223.8	22.4535075210979	10.041513830095539	[207.0, 256.0, 206.0, 246.0, 204.0]
148	541.4329	172.0	0.0	0.0	0.0	[0.0, 0.0, 0.0, 0.0, 0.0]
149	541.43298	145	223.4	9.971960689854328	4.459596394293994	[219.0, 214.0, 217.0, 225.0, 242.0]
150	541.4329	173.0	0.4	0.48989794855663565	0.21908902300206645	[0.0, 0.0, 1.0, 0.0, 1.0]
151	541.43298	145	207.4	18.271288952889996	8.171168827040596	[172.0, 209.0, 218.0, 223.0, 215.0]
152	541.4329	174.0	0.0	0.0	0.0	[0.0, 0.0, 0.0, 0.0, 0.0]
153	541.43298	145	211.4	10.287856919689348	4.600869483043395	[217.0, 202.0, 206.0, 203.0, 229.0]
154	541.4329	175.0	0.2	0.4000000000000001	0.1788854381999832	[0.0, 1.0, 0.0, 0.0, 0.0]
155	541.43298	145	186.6	14.92112596287559	6.672930390765365	[176.0, 216.0, 177.0, 183.0, 181.0]
156	541.4329	176.0	0.0	0.0	0.0	[0.0, 0.0, 0.0, 0.0, 0.0]
157	541.43298	145	184.6	7.116178749862878	3.1824518849465733	[187.0, 177.0, 196.0, 177.0, 186.0]
158	541.4329	177.0	0.0	0.0	0.0	[0.0, 0.0, 0.0, 0.0, 0.0]
159	541.43298	145	171.4	12.208193969625482	5.459670319717116	[156.0, 183.0, 181.0, 180.0, 157.0]
160	541.4329	178.0	0.0	0.0	0.0	[0.0, 0.0, 0.0, 0.0, 0.0]
161	541.43298	145	180.4	25.096613317338257	11.223546676518968	[176.0, 227.0, 153.0, 180.0, 166.0]
162	541.4329	179.0	0.0	0.0	0.0	[0.0, 0.0, 0.0, 0.0, 0.0]
163	541.43298	145	165.2	6.910861017268398	3.090631003533097	[172.0, 164.0, 173.0, 163.0, 154.0]
164	541.4329	180.0	0.0	0.0	0.0	[0.0, 0.0, 0.0, 0.0, 0.0]
165	541.43298	145	183.8	11.582745788456206	5.179961389817495	[192.0, 201.0, 170.0, 173.0, 183.0]
166	541.4329200000001	140.0	0.0	0.0	0.0	[0.0, 0.0, 0.0, 0.0, 0.0]
167	541.43298	145	175.4	16.304600577751057	7.291639047566741	[195.0, 170.0, 173.0, 190.0, 149.0]
168	541.4329200000001	141.0	0.0	0.0	0.0	[0.0, 0.0, 0.0, 0.0, 0.0]
169	541.43298	145	171.0	19.667231630303235	8.795453370918409	[169.0, 175.0, 154.0, 206.0, 151.0]
170	541.4329200000001	142.0	3.4	1.019803902718557	0.4560701700396552	[5.0, 4.0, 2.0, 3.0, 3.0]
171	541.43298	145	170.0	16.431676725154983	7.348469228349534	[182.0, 170.0, 168.0, 141.0, 189.0]
172	541.4329200000001	143.0	0.8	1.1661903789690602	0.521536192416212	[1.0, 0.0, 0.0, 0.0, 3.0]
173	541.43298	145	193.2	22.903274875004232	10.242655905574493	[200.0, 207.0, 186.0, 153.0, 220.0]
174	541.4329200000001	144.0	0.0	0.0	0.0	[0.0, 0.0, 0.0, 0.0, 0.0]
175	541.43298	145	183.6	16.668533228811704	7.4543946769674045	[185.0, 179.0, 182.0, 212.0, 160.0]
176	541.4329200000001	145.0	0.2	0.4	0.17888543819998318	[0.0, 0.0, 0.0, 0.0, 1.0]
177	541.43298	145	194.0	12.884098726725126	5.761944116355173	[194.0, 202.0, 176.0, 185.0, 213.0]
178	541.4329200000001	146.0	0.2	0.4	0.17888543819998318	[0.0, 0.0, 0.0, 0.0, 1.0]
179	541.43298	145	181.6	9.393614852653903	4.200952272997159	[193.0, 178.0, 192.0, 169.0, 176.0]
180	541.4329200000001	147.0	0.2	0.4	0.17888543819998318	[0.0, 0.0, 0.0, 1.0, 0.0]
181	541.43298	145	167.2	4.621688003316537	2.06688170924221	[164.0, 173.0, 172.0, 166.0, 161.0]
182	541.4329200000001	148.0	0.6	0.48989794855663565	0.21908902300206645	[0.0, 0.0, 1.0, 1.0, 1.0]
183	541.43298	145	140.6	21.987269043698902	9.833005644257508	[163.0, 138.0, 109.0, 167.0, 126.0]
184	541.4329200000001	149.0	0.4	0.48989794855663565	0.21908902300206645	[1.0, 0.0, 1.0, 0.0, 0.0]
185	541.43298	145	146.8	13.526270735128733	6.04913216916278	[157.0, 140.0, 137.0, 168.0, 132.0]
186	541.4329200000001	150.0	0.2	0.4000000000000001	0.1788854381999832	[1.0, 0.0, 0.0, 0.0, 0.0]
187	541.43298	145	171.4	22.597344976788754	10.105839895822612	[159.0, 187.0, 148.0, 208.0, 155.0]
188	541.4329200000001	151.0	1.2	1.1661903789690602	0.521536192416212	[3.0, 1.0, 2.0, 0.0, 0.0]
189	541.43298	145	139.8	7.467261881037787	3.339461034358688	[152.0, 133.0, 145.0, 135.0, 134.0]
190	541.4329200000001	152.0	1.0	0.8944271909999159	0.39999999999999997	[2.0, 1.0, 0.0, 0.0, 2.0]
191	541.43298	145	140.6	16.0822883943797	7.19221801671779	[162.0, 143.0, 137.0, 113.0, 148.0]
192	541.4329200000001	153.0	1.4	1.019803902718557	0.4560701700396552	[1.0, 2.0, 1.0, 3.0, 0.0]
193	541.43298	145	141.8	15.367498169838838	6.87255411037265	[124.0, 170.0, 136.0, 136.0, 143.0]
194	541.4329200000001	154.0	0.6	0.48989794855663565	0.21908902300206645	[1.0, 1.0, 0.0, 0.0, 1.0]
195	541.43298	145	146.8	7.8587530817554	3.5145412218382073	[140.0, 154.0, 138.0, 144.0, 158.0]
196	541.4329200000001	155.0	0.2	0.4	0.17888543819998318	[0.0, 0.0, 0.0, 0.0, 1.0]
197	541.43298	145	149.4	13.455110553243328	6.017308368365376	[137.0, 168.0, 136.0, 163.0, 143.0]
198	541.4329200000001	156.0	0.2	0.4000000000000001	0.1788854381999832	[1.0, 0.0, 0.0, 0.0, 0.0]
199	541.43298	145	94.8	9.947864092356712	4.4488200682877705	[98.0, 101.0, 75.0, 100.0, 100.0]
200	541.4329200000001	157.0	0.6	0.7999999999999999	0.3577708763999663	[0.0, 0.0, 2.0, 0.0, 1.0]
201	541.43298	145	114.6	12.338557452149745	5.517970641458687	[127.0, 128.0, 104.0, 117.0, 97.0]
202	541.4329200000001	158.0	0.6	0.48989794855663565	0.21908902300206645	[1.0, 0.0, 0.0, 1.0, 1.0]
203	541.43298	145	139.8	12.416118556135006	5.552657021642882	[125.0, 145.0, 140.0, 160.0, 129.0]
204	541.4329200000001	159.0	0.4	0.8000000000000002	0.3577708763999664	[0.0, 2.0, 0.0, 0.0, 0.0]
205	541.43298	145	120.4	15.21315220458929	6.803528496302488	[112.0, 134.0, 108.0, 143.0, 105.0]
206	541.4329200000001	160.0	0.6	0.48989794855663565	0.21908902300206645	[1.0, 0.0, 1.0, 0.0, 1.0]
207	541.43298	145	100.0	6.572670690061994	2.939387691339814	[110.0, 101.0, 103.0, 95.0, 91.0]
208	541.4329200000001	161.0	0.2	0.4	0.17888543819998318	[0.0, 0.0, 0.0, 0.0, 1.0]
209	541.43298	145	109.2	5.528109984434102	2.4722459424579912	[115.0, 113.0, 102.0, 113.0, 103.0]
210	541.4329200000001	162.0	0.6	0.7999999999999999	0.3577708763999663	[2.0, 1.0, 0.0, 0.0, 0.0]
211	541.43298	145	104.0	2.756809750418044	1.232882800593795	[102.0, 109.0, 102.0, 105.0, 102.0]
212	541.4329200000001	163.0	0.6	0.48989794855663565	0.21908902300206645	[1.0, 0.0, 0.0, 1.0, 1.0]
213	541.43298	145	91.6	4.223742416388575	1.8889150324988149	[86.0, 93.0, 93.0, 88.0, 98.0]
214	541.4329200000001	164.0	0.0	0.0	0.0	[0.0, 0.0, 0.0, 0.0, 0.0]
215	541.43298	145	82.6	10.781465577554844	4.8216179856973325	[87.0, 89.0, 64.0, 78.0, 95.0]
216	541.4329200000001	165.0	0.2	0.4000000000000001	0.1788854381999832	[0.0, 1.0, 0.0, 0.0, 0.0]
217	541.43298	145	81.8	9.389355675444401	4.199047511043426	[84.0, 70.0, 72.0, 89.0, 94.0]
218	541.4329200000001	166.0	0.0	0.0	0.0	[0.0, 0.0, 0.0, 0.0, 0.0]
219	541.43298	145	91.2	16.581917862539303	7.415659107591178	[82.0, 97.0, 91.0, 118.0, 68.0]
220	541.4329200000001	167.0	0.2	0.4000000000000001	0.1788854381999832	[0.0, 0.0, 1.0, 0.0, 0.0]
221	541.43298	145	90.6	11.412274094149685	5.103724130475706	[91.0, 93.0, 99.0, 69.0, 101.0]
222	541.4329200000001	168.0	0.6	0.48989794855663565	0.21908902300206645	[1.0, 1.0, 0.0, 1.0, 0.0]
223	541.43298	145	112.8	17.645396000090223	7.891260989220925	[106.0, 134.0, 84.0, 112.0, 128.0]
224	541.4329200000001	169.0	0.6	0.48989794855663565	0.21908902300206645	[1.0, 1.0, 1.0, 0.0, 0.0]
225	541.43298	145	79.8	7.166589146867566	3.2049960998416203	[68.0, 90.0, 83.0, 80.0, 78.0]
226	541.4329200000001	170.0	0.0	0.0	0.0	[0.0, 0.0, 0.0, 0.0, 0.0]
227	541.43298	145	100.4	12.467557900406959	5.575661395744902	[93.0, 114.0, 88.0, 117.0, 90.0]
228	541.4329200000001	171.0	0.0	0.0	0.0	[0.0, 0.0, 0.0, 0.0, 0.0]
229	541.43298	145	105.2	8.328265125462805	3.724513391035129	[100.0, 107.0, 115.0, 112.0, 92.0]
230	541.4329200000001	172.0	0.0	0.0	0.0	[0.0, 0.0, 0.0, 0.0, 0.0]
231	541.43298	145	84.0	9.838699100999074	4.3999999999999995	[80.0, 71.0, 99.0, 79.0, 91.0]
232	541.4329200000001	173.0	0.0	0.0	0.0	[0.0, 0.0, 0.0, 0.0, 0.0]
233	541.43298	145	56.8	3.54400902933387	1.5849290204927158	[52.0, 56.0, 56.0, 57.0, 63.0]
234	541.4329200000001	174.0	0.0	0.0	0.0	[0.0, 0.0, 0.0, 0.0, 0.0]
235	541.43298	145	60.0	2.9664793948382653	1.3266499161421599	[61.0, 63.0, 56.0, 63.0, 57.0]
236	541.4329200000001	175.0	0.2	0.4	0.17888543819998318	[0.0, 0.0, 0.0, 0.0, 1.0]
237	541.43298	145	73.2	11.651609330903607	5.210758102234261	[80.0, 64.0, 93.0, 66.0, 63.0]
238	541.4329200000001	176.0	0.0	0.0	0.0	[0.0, 0.0, 0.0, 0.0, 0.0]
239	541.43298	145	90.0	13.130118049735882	5.871967302361279	[70.0, 111.0, 86.0, 92.0, 91.0]
240	541.4329200000001	177.0	0.0	0.0	0.0	[0.0, 0.0, 0.0, 0.0, 0.0]
241	541.43298	145	78.6	9.414881836751857	4.210463157421046	[87.0, 76.0, 88.0, 62.0, 80.0]
242	541.4329200000001	178.0	0.2	0.4000000000000001	0.1788854381999832	[1.0, 0.0, 0.0, 0.0, 0.0]
243	541.43298	145	76.6	9.457272334029511	4.229420764123617	[86.0, 68.0, 71.0, 68.0, 90.0]
244	541.4329200000001	179.0	0.4	0.8	0.35777087639996635	[0.0, 0.0, 0.0, 2.0, 0.0]
245	541.43298	145	62.6	14.947909552843836	6.68490837633546	[47.0, 82.0, 49.0, 79.0, 56.0]
246	541.4329200000001	180.0	0.2	0.4000000000000001	0.1788854381999832	[0.0, 1.0, 0.0, 0.0, 0.0]
247	541.43298	145	66.0	8.246211251235321	3.6878177829171546	[58.0, 57.0, 79.0, 65.0, 71.0]
248	541.43294	140.0	0.0	0.0	0.0	[0.0, 0.0, 0.0, 0.0, 0.0]
249	541.43298	145	92.6	8.260750571225353	3.6943199644860214	[93.0, 97.0, 92.0, 103.0, 78.0]
250	541.43294	141.0	0.0	0.0	0.0	[0.0, 0.0, 0.0, 0.0, 0.0]
251	541.43298	145	68.4	6.711184694225007	3.001333037168651	[56.0, 67.0, 72.0, 75.0, 72.0]
252	541.43294	142.0	3.4	0.8	0.35777087639996635	[4.0, 3.0, 4.0, 4.0, 2.0]
253	541.43298	145	62.0	8.602325267042627	3.8470768123342687	[69.0, 68.0, 52.0, 51.0, 70.0]
254	541.43294	143.0	0.4	0.8	0.35777087639996635	[0.0, 0.0, 0.0, 2.0, 0.0]
255	541.43298	145	45.4	0.7999999999999999	0.3577708763999663	[46.0, 44.0, 46.0, 45.0, 46.0]
256	541.43294	144.0	0.2	0.4000000000000001	0.1788854381999832	[1.0, 0.0, 0.0, 0.0, 0.0]
257	541.43298	145	53.8	3.919183588453085	1.7527121840165314	[50.0, 59.0, 50.0, 52.0, 58.0]
258	541.43294	145.0	0.0	0.0	0.0	[0.0, 0.0, 0.0, 0.0, 0.0]
259	541.43298	145	60.6	5.535341001239218	2.4754797514825277	[53.0, 64.0, 57.0, 69.0, 60.0]
260	541.43294	146.0	0.6	0.7999999999999999	0.3577708763999663	[0.0, 2.0, 1.0, 0.0, 0.0]
261	541.43298	145	62.8	6.968500556073739	3.1164081889251927	[61.0, 66.0, 60.0, 53.0, 74.0]
262	541.43294	147.0	0.0	0.0	0.0	[0.0, 0.0, 0.0, 0.0, 0.0]
263	541.43298	145	59.8	7.984985911070852	3.5709942593065027	[69.0, 53.0, 55.0, 70.0, 52.0]
264	541.43294	148.0	0.0	0.0	0.0	[0.0, 0.0, 0.0, 0.0, 0.0]
265	541.43298	145	54.2	6.144916598294887	2.7480902459708267	[50.0, 54.0, 49.0, 52.0, 66.0]
266	541.43294	149.0	0.4	0.48989794855663565	0.21908902300206645	[1.0, 0.0, 1.0, 0.0, 0.0]
267	541.43298	145	65.6	7.914543574963751	3.53949148890063	[55.0, 58.0, 68.0, 71.0, 76.0]
268	541.43294	150.0	0.2	0.4000000000000001	0.1788854381999832	[1.0, 0.0, 0.0, 0.0, 0.0]
269	541.43298	145	59.0	9.695359714832659	4.33589667773576	[60.0, 41.0, 67.0, 59.0, 68.0]
270	541.43294	151.0	0.4	0.48989794855663565	0.21908902300206645	[0.0, 0.0, 0.0, 1.0, 1.0]
271	541.43298	145	50.4	7.939773296511683	3.5507745633875434	[36.0, 54.0, 48.0, 56.0, 58.0]
272	541.43294	152.0	0.2	0.4000000000000001	0.1788854381999832	[0.0, 0.0, 1.0, 0.0, 0.0]
273	541.43298	145	54.0	4.9396356140913875	2.209072203437452	[56.0, 55.0, 52.0, 61.0, 46.0]
274	541.43294	153.0	0.6	0.7999999999999999	0.3577708763999663	[0.0, 2.0, 0.0, 0.0, 1.0]
275	541.43298	145	62.2	17.893015397076034	8.001999750062481	[46.0, 86.0, 47.0, 82.0, 50.0]
276	541.43294	154.0	0.6	0.7999999999999999	0.3577708763999663	[2.0, 1.0, 0.0, 0.0, 0.0]
277	541.43298	145	68.4	10.96540012949824	4.903876018008612	[60.0, 73.0, 60.0, 88.0, 61.0]
278	541.43294	155.0	0.6	0.48989794855663565	0.21908902300206645	[1.0, 1.0, 0.0, 1.0, 0.0]
279	541.43298	145	58.6	6.829348431585549	3.054177467011372	[62.0, 51.0, 50.0, 63.0, 67.0]
280	541.43294	156.0	0.6	0.7999999999999999	0.3577708763999663	[0.0, 1.0, 2.0, 0.0, 0.0]
281	541.43298	145	54.6	6.343500610861483	2.836899716239543	[61.0, 51.0, 44.0, 60.0, 57.0]
282	541.43294	157.0	0.6	0.7999999999999999	0.3577708763999663	[1.0, 2.0, 0.0, 0.0, 0.0]
283	541.43298	145	48.8	9.947864092356712	4.4488200682877705	[41.0, 67.0, 42.0, 42.0, 52.0]
284	541.43294	158.0	0.2	0.4000000000000001	0.1788854381999832	[0.0, 0.0, 1.0, 0.0, 0.0]
285	541.43298	145	46.6	7.605261336732618	3.4011762671170103	[52.0, 39.0, 37.0, 48.0, 57.0]
286	541.43294	159.0	0.2	0.4000000000000001	0.1788854381999832	[0.0, 0.0, 1.0, 0.0, 0.0]
287	541.43298	145	47.6	4.363484845854286	1.9514097468240748	[43.0, 51.0, 43.0, 47.0, 54.0]
288	541.43294	160.0	0.2	0.4000000000000001	0.1788854381999832	[1.0, 0.0, 0.0, 0.0, 0.0]
289	541.43298	145	46.0	6.603029607687671	2.95296461204668	[45.0, 40.0, 38.0, 55.0, 52.0]
290	541.43294	161.0	0.4	0.48989794855663565	0.21908902300206645	[0.0, 0.0, 0.0, 1.0, 1.0]
291	541.43298	145	49.0	3.63318042491699	1.6248076809271919	[55.0, 45.0, 51.0, 46.0, 48.0]
292	541.43294	162.0	0.2	0.4	0.17888543819998318	[0.0, 0.0, 0.0, 1.0, 0.0]
293	541.43298	145	56.2	6.794115100585212	3.038420642373271	[51.0, 65.0, 59.0, 46.0, 60.0]
294	541.43294	163.0	0.2	0.4000000000000001	0.1788854381999832	[0.0, 0.0, 1.0, 0.0, 0.0]
295	541.43298	145	52.8	3.6	1.6099689437998486	[53.0, 57.0, 56.0, 51.0, 47.0]
296	541.43294	164.0	0.2	0.4	0.17888543819998318	[0.0, 0.0, 0.0, 0.0, 1.0]
297	541.43298	145	53.4	8.138795979750322	3.639780213144744	[57.0, 56.0, 62.0, 38.0, 54.0]
298	541.43294	165.0	0.4	0.8	0.35777087639996635	[0.0, 0.0, 0.0, 2.0, 0.0]
299	541.43298	145	49.2	10.303397497913005	4.607819440906946	[53.0, 58.0, 61.0, 36.0, 38.0]
300	541.43294	166.0	0.2	0.4	0.17888543819998318	[0.0, 0.0, 0.0, 0.0, 1.0]
301	541.43298	145	70.4	5.161395160225576	2.308246087400561	[62.0, 73.0, 67.0, 76.0, 74.0]
302	541.43294	167.0	0.2	0.4000000000000001	0.1788854381999832	[0.0, 1.0, 0.0, 0.0, 0.0]
303	541.43298	145	66.8	7.467261881037787	3.339461034358688	[72.0, 74.0, 61.0, 72.0, 55.0]
304	541.43294	168.0	0.4	0.48989794855663565	0.21908902300206645	[0.0, 1.0, 0.0, 0.0, 1.0]
305	541.43298	145	50.8	9.744742172063868	4.357981183988752	[34.0, 64.0, 49.0, 53.0, 54.0]
306	541.43294	169.0	0.2	0.4000000000000001	0.1788854381999832	[0.0, 1.0, 0.0, 0.0, 0.0]
307	541.43298	145	51.2	4.578209256903839	2.0474374227311563	[51.0, 49.0, 57.0, 44.0, 55.0]
308	541.43294	170.0	0.2	0.4	0.17888543819998318	[0.0, 0.0, 0.0, 1.0, 0.0]
309	541.43298	145	50.0	4.049691346263317	1.811077027627483	[48.0, 49.0, 47.0, 58.0, 48.0]
310	541.43294	171.0	0.0	0.0	0.0	[0.0, 0.0, 0.0, 0.0, 0.0]
311	541.43298	145	44.0	4.604345773288535	2.0591260281974	[40.0, 45.0, 52.0, 39.0, 44.0]
312	541.43294	172.0	0.0	0.0	0.0	[0.0, 0.0, 0.0, 0.0, 0.0]
313	541.43298	145	49.8	8.328265125462805	3.724513391035129	[44.0, 45.0, 63.0, 56.0, 41.0]
314	541.43294	173.0	0.2	0.4	0.17888543819998318	[0.0, 0.0, 0.0, 0.0, 1.0]
315	541.43298	145	54.0	7.563068160475615	3.3823069050575527	[50.0, 67.0, 44.0, 55.0, 54.0]
316	541.43294	174.0	0.0	0.0	0.0	[0.0, 0.0, 0.0, 0.0, 0.0]
317	541.43298	145	45.8	2.7856776554368237	1.2457929201917948	[48.0, 45.0, 49.0, 46.0, 41.0]
318	541.43294	175.0	0.6	0.7999999999999999	0.3577708763999663	[2.0, 0.0, 1.0, 0.0, 0.0]
319	541.43298	145	49.8	4.874423042781577	2.179908254950194	[45.0, 52.0, 55.0, 54.0, 43.0]
320	541.43294	176.0	0.2	0.4000000000000001	0.1788854381999832	[0.0, 0.0, 1.0, 0.0, 0.0]
321	541.43298	145	42.8	3.370459909270543	1.5073154945133416	[37.0, 43.0, 42.0, 45.0, 47.0]
322	541.43294	177.0	0.0	0.0	0.0	[0.0, 0.0, 0.0, 0.0, 0.0]
323	541.43298	145	46.6	4.409081537009721	1.971801207018598	[44.0, 40.0, 47.0, 53.0, 49.0]
324	541.43294	178.0	0.2	0.4000000000000001	0.1788854381999832	[1.0, 0.0, 0.0, 0.0, 0.0]
325	541.43298	145	52.4	5.885575587824865	2.632109420217936	[54.0, 45.0, 58.0, 46.0, 59.0]
326	541.43294	179.0	0.0	0.0	0.0	[0.0, 0.0, 0.0, 0.0, 0.0]
327	541.43298	145	53.8	2.7129319932501073	1.213260071048248	[56.0, 52.0, 51.0, 58.0, 52.0]
328	541.43294	180.0	0.4	0.48989794855663565	0.21908902300206645	[0.0, 1.0, 1.0, 0.0, 0.0]
329	541.43298	145	58.4	7.578918128598566	3.3893952262903775	[52.0, 73.0, 57.0, 57.0, 53.0]
330	541.4329600000001	140.0	0.0	0.0	0.0	[0.0, 0.0, 0.0, 0.0, 0.0]
331	541.43298	145	55.4	3.97994974842648	1.779887636902959	[52.0, 50.0, 61.0, 58.0, 56.0]
332	541.4329600000001	141.0	0.0	0.0	0.0	[0.0, 0.0, 0.0, 0.0, 0.0]
333	541.43298	145	65.2	5.2687759489277965	2.3562682360037024	[63.0, 67.0, 64.0, 58.0, 74.0]
334	541.4329600000001	142.0	3.2	1.16619037896906	0.5215361924162119	[4.0, 4.0, 3.0, 1.0, 4.0]
335	541.43298	145	62.2	7.277362159464101	3.2545352970892787	[64.0, 63.0, 52.0, 58.0, 74.0]
336	541.4329600000001	143.0	0.0	0.0	0.0	[0.0, 0.0, 0.0, 0.0, 0.0]
337	541.43298	145	68.8	3.655133376499413	1.634625339336204	[75.0, 70.0, 67.0, 64.0, 68.0]
338	541.4329600000001	144.0	0.4	0.8000000000000002	0.3577708763999664	[2.0, 0.0, 0.0, 0.0, 0.0]
339	541.43298	145	90.8	4.621688003316537	2.06688170924221	[98.0, 89.0, 88.0, 94.0, 85.0]
340	541.4329600000001	145.0	0.2	0.4000000000000001	0.1788854381999832	[1.0, 0.0, 0.0, 0.0, 0.0]
341	541.43298	145	70.0	4.774934554525329	2.1354156504062622	[66.0, 76.0, 69.0, 75.0, 64.0]
342	541.4329600000001	146.0	0.0	0.0	0.0	[0.0, 0.0, 0.0, 0.0, 0.0]
343	541.43298	145	63.2	6.49307323229917	2.903790626061045	[62.0, 56.0, 64.0, 75.0, 59.0]
344	541.4329600000001	147.0	0.2	0.4000000000000001	0.1788854381999832	[0.0, 0.0, 1.0, 0.0, 0.0]
345	541.43298	145	70.4	7.08801805866774	3.1698580409854316	[71.0, 73.0, 78.0, 57.0, 73.0]
346	541.4329600000001	148.0	0.6	0.48989794855663565	0.21908902300206645	[0.0, 1.0, 1.0, 1.0, 0.0]
347	541.43298	145	62.2	6.734983296193094	3.0119760955226713	[58.0, 74.0, 65.0, 59.0, 55.0]
348	541.4329600000001	149.0	0.2	0.4000000000000001	0.1788854381999832	[0.0, 1.0, 0.0, 0.0, 0.0]
349	541.43298	145	97.6	18.553705829294586	8.29746949376736	[131.0, 91.0, 96.0, 74.0, 96.0]
350	541.4329600000001	150.0	2.2	0.7483314773547882	0.33466401061363016	[1.0, 3.0, 2.0, 2.0, 3.0]
351	541.43298	145	94.2	9.947864092356712	4.4488200682877705	[102.0, 83.0, 85.0, 92.0, 109.0]
352	541.4329600000001	151.0	2.2	1.32664991614216	0.5932958789676531	[2.0, 2.0, 4.0, 3.0, 0.0]
353	541.43298	145	77.0	7.615773105863909	3.4058772731852804	[65.0, 82.0, 84.0, 71.0, 83.0]
354	541.4329600000001	152.0	1.6	0.4898979485566356	0.21908902300206642	[2.0, 1.0, 1.0, 2.0, 2.0]
355	541.43298	145	78.8	8.49470423263812	3.798947222586805	[85.0, 86.0, 63.0, 77.0, 83.0]
356	541.4329600000001	153.0	1.4	1.019803902718557	0.4560701700396552	[1.0, 2.0, 0.0, 1.0, 3.0]
357	541.43298	145	75.0	10.639548862616309	4.758150901348127	[67.0, 86.0, 71.0, 89.0, 62.0]
358	541.4329600000001	154.0	2.4	0.8	0.35777087639996635	[1.0, 3.0, 3.0, 2.0, 3.0]
359	541.43298	145	99.2	19.156200040717888	8.566913096325887	[107.0, 64.0, 118.0, 112.0, 95.0]
360	541.4329600000001	155.0	1.2	1.1661903789690602	0.521536192416212	[0.0, 1.0, 0.0, 3.0, 2.0]
361	541.43298	145	66.4	13.893883546366725	6.21353361622837	[56.0, 93.0, 56.0, 60.0, 67.0]
362	541.4329600000001	156.0	0.8	0.7483314773547883	0.3346640106136302	[2.0, 0.0, 1.0, 1.0, 0.0]
363	541.43298	145	58.0	8.318653737234168	3.7202150475476548	[60.0, 50.0, 51.0, 73.0, 56.0]
364	541.4329600000001	157.0	1.2	0.9797958971132713	0.4381780460041329	[1.0, 3.0, 0.0, 1.0, 1.0]
365	541.43298	145	81.0	12.181953866272849	5.447935388750494	[67.0, 73.0, 93.0, 74.0, 98.0]
366	541.4329600000001	158.0	2.4	1.3564659966250538	0.6066300355241241	[4.0, 1.0, 2.0, 1.0, 4.0]
367	541.43298	145	95.4	12.690153663372245	5.675209247243664	[75.0, 94.0, 97.0, 96.0, 115.0]
368	541.4329600000001	159.0	1.6	0.4898979485566356	0.21908902300206642	[2.0, 2.0, 2.0, 1.0, 1.0]
369	541.43298	145	75.2	11.805083650698965	5.279393904606853	[93.0, 68.0, 83.0, 59.0, 73.0]
370	541.4329600000001	160.0	1.0	0.6324555320336759	0.282842712474619	[1.0, 0.0, 2.0, 1.0, 1.0]
371	541.43298	145	76.4	7.445804187594515	3.329864862122786	[70.0, 85.0, 70.0, 86.0, 71.0]
372	541.4329600000001	161.0	1.2	0.9797958971132713	0.4381780460041329	[1.0, 1.0, 3.0, 1.0, 0.0]
373	541.43298	145	95.8	16.314410807626487	7.296026315742013	[118.0, 69.0, 97.0, 105.0, 90.0]
374	541.4329600000001	162.0	1.0	0.6324555320336759	0.282842712474619	[1.0, 2.0, 1.0, 1.0, 0.0]
375	541.43298	145	103.2	7.30479294709987	3.2668027182552666	[113.0, 92.0, 100.0, 102.0, 109.0]
376	541.4329600000001	163.0	1.0	0.6324555320336759	0.282842712474619	[2.0, 1.0, 0.0, 1.0, 1.0]
377	541.43298	145	92.6	7.002856560004639	3.131772660970141	[85.0, 90.0, 97.0, 104.0, 87.0]
378	541.4329600000001	164.0	1.0	0.8944271909999159	0.39999999999999997	[2.0, 2.0, 0.0, 0.0, 1.0]
379	541.43298	145	111.0	11.454256850621082	5.122499389946278	[118.0, 114.0, 93.0, 126.0, 104.0]
380	541.4329600000001	165.0	2.2	1.32664991614216	0.5932958789676531	[0.0, 2.0, 2.0, 4.0, 3.0]
381	541.43298	145	85.4	14.065560778013793	6.290310008258734	[80.0, 63.0, 106.0, 91.0, 87.0]
382	541.4329600000001	166.0	1.2	1.1661903789690602	0.521536192416212	[0.0, 1.0, 3.0, 0.0, 2.0]
383	541.43298	145	103.4	5.782732917920384	2.5861167800391383	[96.0, 100.0, 112.0, 101.0, 108.0]
384	541.4329600000001	167.0	1.4	1.019803902718557	0.4560701700396552	[1.0, 2.0, 3.0, 1.0, 0.0]
385	541.43298	145	101.2	6.11228271597445	2.733495930123182	[107.0, 107.0, 92.0, 96.0, 104.0]
386	541.4329600000001	168.0	2.0	0.6324555320336759	0.282842712474619	[3.0, 1.0, 2.0, 2.0, 2.0]
387	541.43298	145	114.2	6.6452990903344595	2.9718680993610733	[104.0, 124.0, 112.0, 113.0, 118.0]
388	541.4329600000001	169.0	1.6	1.624807680927192	0.7266360849833979	[0.0, 4.0, 1.0, 3.0, 0.0]
389	541.43298	145	94.4	13.335666462535722	5.963891347098805	[112.0, 89.0, 104.0, 73.0, 94.0]
390	541.4329600000001	170.0	0.6	0.48989794855663565	0.21908902300206645	[0.0, 0.0, 1.0, 1.0, 1.0]
391	541.43298	145	95.8	6.794115100585211	3.0384206423732705	[87.0, 95.0, 95.0, 108.0, 94.0]
392	541.4329600000001	171.0	0.8	0.7483314773547883	0.3346640106136302	[1.0, 2.0, 0.0, 1.0, 0.0]
393	541.43298	145	80.8	1.4696938456699067	0.6572670690061992	[78.0, 82.0, 81.0, 82.0, 81.0]
394	541.4329600000001	172.0	1.6	0.8	0.35777087639996635	[2.0, 2.0, 2.0, 2.0, 0.0]
395	541.43298	145	114.2	15.236797563792727	6.814103022408745	[124.0, 94.0, 134.0, 99.0, 120.0]
396	541.4329600000001	173.0	0.8	0.4000000000000001	0.1788854381999832	[0.0, 1.0, 1.0, 1.0, 1.0]
397	541.43298	145	96.2	6.43117407632541	2.8761084819596077	[100.0, 101.0, 90.0, 103.0, 87.0]
398	541.4329600000001	174.0	1.4	1.3564659966250538	0.6066300355241241	[3.0, 0.0, 0.0, 3.0, 1.0]
399	541.43298	145	110.0	11.29601699715435	5.051732376126035	[115.0, 102.0, 130.0, 100.0, 103.0]
400	541.4329600000001	175.0	1.0	0.6324555320336759	0.282842712474619	[1.0, 0.0, 1.0, 1.0, 2.0]
401	541.43298	145	137.6	19.11648503255763	8.549152004731228	[170.0, 125.0, 149.0, 123.0, 121.0]
402	541.4329600000001	176.0	1.0	0.6324555320336759	0.282842712474619	[1.0, 0.0, 2.0, 1.0, 1.0]
403	541.43298	145	148.6	10.131140113531153	4.530783596686119	[139.0, 138.0, 149.0, 166.0, 151.0]
404	541.4329600000001	177.0	2.6	1.019803902718557	0.4560701700396552	[3.0, 3.0, 4.0, 1.0, 2.0]
405	541.43298	145	155.8	8.084553172563094	3.615522092312533	[145.0, 156.0, 155.0, 153.0, 170.0]
406	541.4329600000001	178.0	1.4	1.3564659966250538	0.6066300355241241	[1.0, 0.0, 4.0, 1.0, 1.0]
407	541.43298	145	127.2	16.436544649043483	7.3506462300943305	[152.0, 126.0, 102.0, 135.0, 121.0]
408	541.4329600000001	179.0	0.8	0.4	0.17888543819998318	[1.0, 1.0, 1.0, 0.0, 1.0]
409	541.43298	145	110.6	9.478396488858229	4.238867773356465	[108.0, 115.0, 125.0, 96.0, 109.0]
410	541.4329600000001	180.0	0.8	0.7483314773547883	0.3346640106136302	[1.0, 0.0, 0.0, 1.0, 2.0]
411	541.43298	145	106.6	10.89219904335208	4.871139497078686	[108.0, 127.0, 96.0, 101.0, 101.0]
412	541.43298	140.0	0.0	0.0	0.0	[0.0, 0.0, 0.0, 0.0, 0.0]
413	541.43298	145	122.0	10.256705123966467	4.586937976471885	[114.0, 113.0, 118.0, 124.0, 141.0]
414	541.43298	141.0	0.0	0.0	0.0	[0.0, 0.0, 0.0, 0.0, 0.0]
415	541.43298	145	123.2	7.520638270785266	3.363331681532465	[128.0, 119.0, 112.0, 134.0, 123.0]
416	541.43298	142.0	2.4	0.4898979485566356	0.21908902300206642	[2.0, 3.0, 2.0, 3.0, 2.0]
417	541.43298	145	142.2	6.43117407632541	2.8761084819596077	[154.0, 143.0, 135.0, 139.0, 140.0]
418	541.43298	143.0	0.6	0.7999999999999999	0.3577708763999663	[0.0, 0.0, 2.0, 1.0, 0.0]
419	541.43298	145	154.4	9.911609354691095	4.432606456702422	[147.0, 153.0, 154.0, 173.0, 145.0]
420	541.43298	144.0	0.0	0.0	0.0	[0.0, 0.0, 0.0, 0.0, 0.0]
421	541.43298	145	147.8	7.6262703859750465	3.4105717995667524	[142.0, 141.0, 145.0, 149.0, 162.0]
422	541.43298	145.0	0.2	0.4	0.17888543819998318	[0.0, 0.0, 0.0, 0.0, 1.0]
423	541.43298	145	131.8	21.216974336601343	9.48851937870182	[126.0, 113.0, 135.0, 171.0, 114.0]
424	541.43298	146.0	1.0	0.8944271909999159	0.39999999999999997	[0.0, 0.0, 2.0, 1.0, 2.0]
425	541.43298	145	132.4	14.71869559437928	6.582400777831748	[153.0, 129.0, 144.0, 111.0, 125.0]
426	541.43298	147.0	1.0	1.0954451150103321	0.48989794855663554	[1.0, 0.0, 3.0, 0.0, 1.0]
427	541.43298	145	110.2	8.059776671843954	3.604441704342019	[116.0, 121.0, 100.0, 112.0, 102.0]
428	541.43298	148.0	1.6	0.8	0.35777087639996635	[2.0, 1.0, 3.0, 1.0, 1.0]
429	541.43298	145	112.8	15.197368193210297	6.796469671822276	[126.0, 92.0, 121.0, 128.0, 97.0]
430	541.43298	149.0	3.4	1.624807680927192	0.7266360849833979	[1.0, 4.0, 5.0, 2.0, 5.0]
431	541.43298	145	114.2	11.923086848631105	5.332166539034579	[108.0, 121.0, 111.0, 98.0, 133.0]
432	541.43298	150.0	2.6	1.2000000000000002	0.5366563145999496	[2.0, 4.0, 1.0, 4.0, 2.0]
433	541.43298	145	99.8	10.796295661012623	4.82825020064205	[112.0, 83.0, 101.0, 93.0, 110.0]
434	541.43298	151.0	3.0	0.6324555320336759	0.282842712474619	[3.0, 4.0, 3.0, 3.0, 2.0]
435	541.43298	145	118.8	8.704022058795577	3.8925570002249157	[105.0, 132.0, 122.0, 117.0, 118.0]
436	541.43298	152.0	5.2	1.16619037896906	0.5215361924162119	[6.0, 6.0, 6.0, 3.0, 5.0]
437	541.43298	145	132.6	4.498888751680797	2.0119642143934864	[127.0, 130.0, 131.0, 135.0, 140.0]
438	541.43298	153.0	7.0	1.7888543819998317	0.7999999999999999	[5.0, 6.0, 6.0, 10.0, 8.0]
439	541.43298	145	130.6	11.18212859879549	5.000799936010238	[123.0, 147.0, 115.0, 130.0, 138.0]
440	541.43298	154.0	4.8	1.6	0.7155417527999327	[3.0, 6.0, 5.0, 3.0, 7.0]
441	541.43298	145	119.0	8.555699854482976	3.8262252939417984	[135.0, 113.0, 120.0, 116.0, 111.0]
442	541.43298	155.0	5.8	2.039607805437114	0.9121403400793104	[6.0, 6.0, 7.0, 8.0, 2.0]
443	541.43298	145	119.2	8.182909018191515	3.6595081636744577	[113.0, 124.0, 122.0, 107.0, 130.0]
444	541.43298	156.0	5.2	2.3151673805580453	1.0353743284435828	[4.0, 9.0, 2.0, 6.0, 5.0]
445	541.43298	145	144.6	9.414881836751857	4.210463157421046	[155.0, 145.0, 135.0, 155.0, 133.0]
446	541.43298	157.0	4.0	1.4142135623730951	0.6324555320336759	[4.0, 3.0, 2.0, 5.0, 6.0]
447	541.43298	145	130.4	13.35065541462291	5.970594610254493	[119.0, 115.0, 134.0, 153.0, 131.0]
448	541.43298	158.0	5.4	0.48989794855663565	0.21908902300206645	[5.0, 5.0, 6.0, 6.0, 5.0]
449	541.43298	145	98.8	6.462197768561405	2.889982698910151	[101.0, 89.0, 97.0, 98.0, 109.0]
450	541.43298	159.0	3.4	1.7435595774162693	0.779743547584717	[6.0, 4.0, 2.0, 4.0, 1.0]
451	541.43298	145	110.8	4.621688003316537	2.06688170924221	[113.0, 104.0, 109.0, 118.0, 110.0]
452	541.43298	160.0	4.6	1.3564659966250536	0.606630035524124	[6.0, 5.0, 6.0, 3.0, 3.0]
453	541.43298	145	113.4	17.453939383417143	7.805638987296299	[106.0, 104.0, 108.0, 148.0, 101.0]
454	541.43298	161.0	3.4	0.8	0.35777087639996635	[4.0, 3.0, 4.0, 2.0, 4.0]
455	541.43298	145	110.4	11.637869220780924	5.204613338183731	[102.0, 121.0, 122.0, 92.0, 115.0]
456	541.43298	162.0	4.2	1.469693845669907	0.6572670690061994	[4.0, 3.0, 4.0, 7.0, 3.0]
457	541.43298	145	105.2	14.469277798148738	6.470857748397812	[102.0, 103.0, 82.0, 126.0, 113.0]
458	541.43298	163.0	2.6	1.3564659966250538	0.6066300355241241	[2.0, 1.0, 2.0, 5.0, 3.0]
459	541.43298	145	129.0	15.297058540778355	6.841052550594828	[119.0, 155.0, 117.0, 116.0, 138.0]
460	541.43298	164.0	5.2	2.2271057451320084	0.9959919678390984	[1.0, 6.0, 5.0, 7.0, 7.0]
461	541.43298	145	162.0	7.37563556583431	3.2984845004941286	[160.0, 156.0, 156.0, 162.0, 176.0]
462	541.43298	165.0	3.6	1.019803902718557	0.4560701700396552	[3.0, 4.0, 5.0, 2.0, 4.0]
463	541.43298	145	142.8	19.363883907935413	8.659792145311572	[125.0, 178.0, 132.0, 149.0, 130.0]
464	541.43298	166.0	4.2	1.7204650534085253	0.7694153624668537	[7.0, 3.0, 4.0, 5.0, 2.0]
465	541.43298	145	158.0	7.014271166700073	3.1368774282716245	[168.0, 164.0, 149.0, 153.0, 156.0]
466	541.43298	167.0	2.8	1.16619037896906	0.5215361924162119	[3.0, 4.0, 4.0, 2.0, 1.0]
467	541.43298	145	150.2	10.322790320451153	4.616492174801123	[134.0, 150.0, 156.0, 146.0, 165.0]
468	541.43298	168.0	3.6	1.019803902718557	0.4560701700396552	[2.0, 5.0, 4.0, 3.0, 4.0]
469	541.43298	145	162.4	14.150618361046982	6.328348915791542	[186.0, 155.0, 152.0, 171.0, 148.0]
470	541.43298	169.0	4.0	1.2649110640673518	0.565685424949238	[2.0, 5.0, 3.0, 5.0, 5.0]
471	541.43298	145	176.2	16.89260193102294	7.554601246922302	[178.0, 155.0, 185.0, 161.0, 202.0]
472	541.43298	170.0	3.8	1.7204650534085253	0.7694153624668537	[3.0, 7.0, 4.0, 3.0, 2.0]
473	541.43298	145	167.6	21.6573313222105	9.685453009539614	[192.0, 139.0, 191.0, 148.0, 168.0]
474	541.43298	171.0	3.0	1.5491933384829668	0.6928203230275509	[2.0, 2.0, 3.0, 2.0, 6.0]
475	541.43298	145	200.4	10.836973747315254	4.846441993875507	[189.0, 191.0, 209.0, 196.0, 217.0]
476	541.43298	172.0	3.8	2.1354156504062622	0.9549869109050657	[1.0, 5.0, 4.0, 2.0, 7.0]
477	541.43298	145	181.6	12.84678948220138	5.745258914966322	[194.0, 188.0, 159.0, 191.0, 176.0]
478	541.43298	173.0	2.6	1.4966629547095764	0.6693280212272603	[0.0, 3.0, 4.0, 2.0, 4.0]
479	541.43298	145	175.4	4.963869458396343	2.219909908081857	[171.0, 177.0, 183.0, 177.0, 169.0]
480	541.43298	174.0	3.8	0.7483314773547882	0.33466401061363016	[3.0, 5.0, 4.0, 3.0, 4.0]
481	541.43298	145	163.2	10.007996802557443	4.4757122338237965	[155.0, 157.0, 165.0, 157.0, 182.0]
482	541.43298	175.0	2.4	0.4898979485566356	0.21908902300206642	[3.0, 2.0, 3.0, 2.0, 2.0]
483	541.43298	145	163.6	13.275541420220872	5.937002610745594	[166.0, 155.0, 170.0, 144.0, 183.0]
484	541.43298	176.0	1.8	0.9797958971132712	0.43817804600413285	[2.0, 0.0, 2.0, 3.0, 2.0]
485	541.43298	145	171.0	15.11290838985005	6.75869809948632	[152.0, 197.0, 163.0, 176.0, 167.0]
486	541.43298	177.0	1.8	1.3266499161421599	0.593295878967653	[1.0, 0.0, 4.0, 2.0, 2.0]
487	541.43298	145	175.6	22.659214461229674	10.133508770411163	[150.0, 189.0, 179.0, 151.0, 209.0]
488	541.43298	178.0	2.2	0.9797958971132712	0.43817804600413285	[2.0, 4.0, 2.0, 1.0, 2.0]
489	541.43298	145	175.0	9.757048734120374	4.363484845854286	[164.0, 166.0, 172.0, 186.0, 187.0]
490	541.43298	179.0	2.4	2.0591260281974	0.920869154657707	[6.0, 2.0, 3.0, 1.0, 0.0]
491	541.43298	145	180.2	11.373653766490344	5.086452594883785	[188.0, 167.0, 177.0, 171.0, 198.0]
492	541.43298	180.0	1.8	1.1661903789690602	0.521536192416212	[3.0, 2.0, 1.0, 0.0, 3.0]
493	541.43298	145	177.0	28.962044126753206	12.95221988695374	[162.0, 215.0, 131.0, 197.0, 180.0]
494	541.433	140.0	0.0	0.0	0.0	[0.0, 0.0, 0.0, 0.0, 0.0]
495	541.43298	145	158.8	13.242356285797479	5.922161767462959	[151.0, 148.0, 167.0, 147.0, 181.0]
496	541.433	141.0	0.0	0.0	0.0	[0.0, 0.0, 0.0, 0.0, 0.0]
497	541.43298	145	181.6	14.430523206037957	6.453526167917815	[157.0, 193.0, 176.0, 198.0, 184.0]
498	541.433	142.0	3.0	1.0954451150103321	0.48989794855663554	[3.0, 4.0, 1.0, 3.0, 4.0]
499	541.43298	145	169.0	12.214745187681975	5.4626001134990645	[151.0, 177.0, 187.0, 164.0, 166.0]
500	541.433	143.0	0.0	0.0	0.0	[0.0, 0.0, 0.0, 0.0, 0.0]
501	541.43298	145	163.8	6.209669878504009	2.777048793233565	[167.0, 174.0, 156.0, 162.0, 160.0]
502	541.433	144.0	0.2	0.4000000000000001	0.1788854381999832	[0.0, 0.0, 1.0, 0.0, 0.0]
503	541.43298	145	158.2	13.948476619330155	6.237948380677736	[141.0, 172.0, 142.0, 172.0, 164.0]
504	541.433	145.0	0.6	0.7999999999999999	0.3577708763999663	[0.0, 0.0, 1.0, 2.0, 0.0]
505	541.43298	145	189.0	10.75174404457249	4.8083261120685235	[179.0, 192.0, 199.0, 174.0, 201.0]
506	541.433	146.0	1.8	1.9390719429665317	0.867179335547152	[1.0, 3.0, 0.0, 0.0, 5.0]
507	541.43298	145	182.8	8.059776671843954	3.604441704342019	[193.0, 177.0, 172.0, 191.0, 181.0]
508	541.433	147.0	2.8	2.4819347291981715	1.1099549540409286	[3.0, 5.0, 0.0, 0.0, 6.0]
509	541.43298	145	198.0	3.847076812334269	1.7204650534085253	[203.0, 202.0, 194.0, 197.0, 194.0]
510	541.433	148.0	4.8	1.7204650534085253	0.7694153624668537	[6.0, 7.0, 5.0, 4.0, 2.0]
511	541.43298	145	157.2	17.10438540258024	7.649313694704905	[150.0, 136.0, 169.0, 147.0, 184.0]
512	541.433	149.0	6.8	2.4819347291981715	1.1099549540409286	[10.0, 3.0, 6.0, 6.0, 9.0]
513	541.43298	145	172.2	13.287588193498474	5.942390091537243	[154.0, 185.0, 171.0, 162.0, 189.0]
514	541.433	150.0	9.4	2.0591260281974	0.920869154657707	[9.0, 8.0, 10.0, 7.0, 13.0]
515	541.43298	145	172.4	11.689311356961968	5.2276189608654535	[175.0, 171.0, 185.0, 180.0, 151.0]
516	541.433	151.0	12.8	0.7483314773547882	0.33466401061363016	[13.0, 12.0, 13.0, 12.0, 14.0]
517	541.43298	145	186.4	11.306635220082056	5.056480989779354	[193.0, 193.0, 171.0, 200.0, 175.0]
518	541.433	152.0	12.2	0.7483314773547883	0.3346640106136302	[13.0, 13.0, 12.0, 12.0, 11.0]
519	541.43298	145	184.0	8.532291603080617	3.8157568056677826	[193.0, 171.0, 191.0, 188.0, 177.0]
520	541.433	153.0	12.6	2.727636339397171	1.2198360545581524	[11.0, 15.0, 15.0, 8.0, 14.0]
521	541.43298	145	186.2	9.19565114605812	4.11242021199196	[186.0, 184.0, 171.0, 199.0, 191.0]
522	541.433	154.0	12.2	2.993325909419153	1.3386560424545206	[14.0, 7.0, 12.0, 16.0, 12.0]
523	541.43298	145	154.2	10.146920715172657	4.537840896285369	[170.0, 155.0, 141.0, 146.0, 159.0]
524	541.433	155.0	10.6	2.4166091947189146	1.0807404868885038	[14.0, 8.0, 13.0, 9.0, 9.0]
525	541.43298	145	154.0	11.260550608207398	5.035871324805668	[163.0, 132.0, 161.0, 158.0, 156.0]
526	541.433	156.0	10.0	1.6733200530681511	0.7483314773547882	[9.0, 13.0, 10.0, 8.0, 10.0]
527	541.43298	145	156.0	7.211102550927978	3.2249030993194197	[164.0, 161.0, 143.0, 155.0, 157.0]
528	541.433	157.0	9.8	3.3105890714493698	1.4805404418657397	[14.0, 5.0, 9.0, 13.0, 8.0]
529	541.43298	145	151.2	10.628264204469138	4.753104248804143	[152.0, 160.0, 162.0, 150.0, 132.0]
530	541.433	158.0	5.8	1.9390719429665317	0.867179335547152	[4.0, 7.0, 8.0, 7.0, 3.0]
531	541.43298	145	158.2	9.765244492586962	4.367150100465977	[154.0, 144.0, 161.0, 174.0, 158.0]
532	541.433	159.0	7.2	2.4	1.073312629199899	[9.0, 3.0, 9.0, 9.0, 6.0]
533	541.43298	145	175.8	14.133647795243801	6.320759448041033	[163.0, 177.0, 157.0, 188.0, 194.0]
534	541.433	160.0	7.0	1.6733200530681511	0.7483314773547882	[9.0, 6.0, 6.0, 5.0, 9.0]
535	541.43298	145	172.2	10.925200226998129	4.88589807507279	[174.0, 160.0, 179.0, 188.0, 160.0]
536	541.433	161.0	5.4	2.244994432064365	1.0039920318408906	[7.0, 4.0, 4.0, 3.0, 9.0]
537	541.43298	145	164.2	5.564171097297422	2.488372962399326	[160.0, 172.0, 169.0, 163.0, 157.0]
538	541.433	162.0	5.2	1.16619037896906	0.5215361924162119	[4.0, 7.0, 4.0, 5.0, 6.0]
539	541.43298	145	183.6	7.605261336732617	3.40117626711701	[180.0, 172.0, 195.0, 184.0, 187.0]
540	541.433	163.0	5.4	2.244994432064365	1.0039920318408906	[6.0, 2.0, 9.0, 5.0, 5.0]
541	541.43298	145	184.8	25.74024086911387	11.511385668111375	[153.0, 165.0, 221.0, 177.0, 208.0]
542	541.433	164.0	4.8	1.6	0.7155417527999327	[5.0, 3.0, 3.0, 6.0, 7.0]
543	541.43298	145	165.6	13.484806264830059	6.030588694315009	[177.0, 167.0, 180.0, 162.0, 142.0]
544	541.433	165.0	4.4	0.7999999999999999	0.3577708763999663	[5.0, 4.0, 3.0, 5.0, 5.0]
545	541.43298	145	153.8	5.268775948927796	2.356268236003702	[149.0, 153.0, 152.0, 164.0, 151.0]
546	541.433	166.0	3.0	1.4142135623730951	0.6324555320336759	[2.0, 3.0, 1.0, 5.0, 4.0]
547	541.43298	145	155.0	13.251415018781957	5.9262129560116215	[141.0, 169.0, 164.0, 164.0, 137.0]
548	541.433	167.0	2.0	1.5491933384829668	0.6928203230275509	[1.0, 5.0, 1.0, 1.0, 2.0]
549	541.43298	145	144.2	17.971087891388212	8.03691483095348	[125.0, 120.0, 161.0, 161.0, 154.0]
550	541.433	168.0	2.6	0.8	0.35777087639996635	[2.0, 3.0, 2.0, 4.0, 2.0]
551	541.43298	145	150.2	9.806120537705011	4.385430423573038	[139.0, 156.0, 166.0, 148.0, 142.0]
552	541.433	169.0	3.6	1.2	0.5366563145999494	[3.0, 5.0, 5.0, 2.0, 3.0]
553	541.43298	145	180.0	16.211107303327555	7.249827584156743	[195.0, 190.0, 154.0, 168.0, 193.0]
554	541.433	170.0	2.6	0.8	0.35777087639996635	[2.0, 4.0, 2.0, 3.0, 2.0]
555	541.43298	145	174.6	14.867414032036642	6.648909685053633	[171.0, 195.0, 164.0, 155.0, 188.0]
556	541.433	171.0	1.8	0.4	0.17888543819998318	[2.0, 2.0, 1.0, 2.0, 2.0]
557	541.43298	145	189.2	11.634431657799192	5.203076013282913	[191.0, 207.0, 185.0, 192.0, 171.0]
558	541.433	172.0	2.4	1.2	0.5366563145999494	[3.0, 1.0, 3.0, 4.0, 1.0]
559	541.43298	145	185.4	11.706408501329518	5.235265036270848	[171.0, 174.0, 203.0, 188.0, 191.0]
560	541.433	173.0	2.0	1.0954451150103321	0.48989794855663554	[1.0, 1.0, 4.0, 2.0, 2.0]
561	541.43298	145	189.6	17.41952927033334	7.790250316902531	[211.0, 200.0, 178.0, 197.0, 162.0]
562	541.433	174.0	1.4	1.019803902718557	0.4560701700396552	[0.0, 3.0, 1.0, 1.0, 2.0]
563	541.43298	145	171.0	6.572670690061994	2.939387691339814	[158.0, 174.0, 173.0, 174.0, 176.0]
564	541.433	175.0	1.2	1.4696938456699067	0.6572670690061992	[1.0, 1.0, 0.0, 4.0, 0.0]
565	541.43298	145	155.8	6.523802572120036	2.9175332046096747	[155.0, 165.0, 151.0, 161.0, 147.0]
566	541.433	176.0	1.0	0.6324555320336759	0.282842712474619	[1.0, 1.0, 0.0, 1.0, 2.0]
567	541.43298	145	176.2	9.19565114605812	4.11242021199196	[159.0, 180.0, 175.0, 182.0, 185.0]
568	541.433	177.0	1.6	0.4898979485566356	0.21908902300206642	[2.0, 2.0, 2.0, 1.0, 1.0]
569	541.43298	145	197.2	21.075103795711186	9.42507294401481	[178.0, 186.0, 190.0, 194.0, 238.0]
570	541.433	178.0	1.4	0.8	0.35777087639996635	[2.0, 2.0, 1.0, 0.0, 2.0]
571	541.43298	145	177.0	18.471599822430107	8.260750571225353	[179.0, 167.0, 161.0, 212.0, 166.0]
572	541.433	179.0	1.6	0.8	0.35777087639996635	[1.0, 1.0, 3.0, 1.0, 2.0]
573	541.43298	145	195.0	11.523888232710346	5.15363949069005	[197.0, 179.0, 213.0, 199.0, 187.0]
574	541.433	180.0	1.4	0.4898979485566356	0.21908902300206642	[1.0, 1.0, 1.0, 2.0, 2.0]
575	541.43298	145	197.6	12.191800523302536	5.452338947644396	[181.0, 195.0, 191.0, 217.0, 204.0]
576	541.43302	140.0	0.0	0.0	0.0	[0.0, 0.0, 0.0, 0.0, 0.0]
577	541.43298	145	178.2	13.644046320648432	6.101803012225157	[183.0, 186.0, 186.0, 151.0, 185.0]
578	541.43302	141.0	0.2	0.4	0.17888543819998318	[0.0, 0.0, 0.0, 0.0, 1.0]
579	541.43298	145	191.4	15.969971822141703	7.141988518613005	[216.0, 182.0, 168.0, 196.0, 195.0]
580	541.43302	142.0	3.0	1.4142135623730951	0.6324555320336759	[4.0, 2.0, 3.0, 5.0, 1.0]
581	541.43298	145	179.2	13.84774349849101	6.192899159521331	[164.0, 190.0, 187.0, 161.0, 194.0]
582	541.43302	143.0	0.4	0.48989794855663565	0.21908902300206645	[1.0, 0.0, 1.0, 0.0, 0.0]
583	541.43298	145	186.4	14.430523206037957	6.453526167917815	[190.0, 163.0, 183.0, 188.0, 208.0]
584	541.43302	144.0	0.2	0.4	0.17888543819998318	[0.0, 0.0, 0.0, 1.0, 0.0]
585	541.43298	145	184.8	17.497428382479523	7.82508785893168	[196.0, 189.0, 162.0, 209.0, 168.0]
586	541.43302	145.0	0.6	0.48989794855663565	0.21908902300206645	[1.0, 1.0, 0.0, 0.0, 1.0]
587	541.43298	145	183.6	17.234848418248422	7.707658529021639	[161.0, 200.0, 188.0, 166.0, 203.0]
588	541.43302	146.0	1.8	1.1661903789690604	0.521536192416212	[2.0, 4.0, 1.0, 1.0, 1.0]
589	541.43298	145	184.8	11.461239025515521	5.12562191348523	[193.0, 185.0, 195.0, 163.0, 188.0]
590	541.43302	147.0	4.2	1.469693845669907	0.6572670690061994	[7.0, 4.0, 4.0, 3.0, 3.0]
591	541.43298	145	182.0	20.248456731316587	9.055385138137416	[164.0, 213.0, 156.0, 187.0, 190.0]
592	541.43302	148.0	8.6	2.5768197453450252	1.1523888232710346	[5.0, 11.0, 7.0, 8.0, 12.0]
593	541.43298	145	190.2	21.301643129110957	9.526384413826685	[168.0, 228.0, 172.0, 194.0, 189.0]
594	541.43302	149.0	10.2	2.7856776554368237	1.2457929201917948	[8.0, 11.0, 15.0, 10.0, 7.0]
595	541.43298	145	189.6	18.72538384119268	8.374246234736592	[174.0, 192.0, 180.0, 225.0, 177.0]
596	541.43302	150.0	12.8	1.16619037896906	0.5215361924162119	[14.0, 13.0, 14.0, 12.0, 11.0]
597	541.43298	145	192.8	15.84171707865028	7.084631253636282	[185.0, 174.0, 215.0, 182.0, 208.0]
598	541.43302	151.0	15.2	1.469693845669907	0.6572670690061994	[14.0, 16.0, 16.0, 17.0, 13.0]
599	541.43298	145	170.8	17.127755252805315	7.659765009450355	[157.0, 185.0, 144.0, 182.0, 186.0]
600	541.43302	152.0	15.4	0.48989794855663565	0.21908902300206645	[15.0, 16.0, 16.0, 15.0, 15.0]
601	541.43298	145	197.2	21.77521526874074	9.73817231311913	[187.0, 236.0, 202.0, 171.0, 190.0]
602	541.43302	153.0	13.2	1.1661903789690602	0.521536192416212	[13.0, 12.0, 15.0, 12.0, 14.0]
603	541.43298	145	191.4	20.61649824776264	9.219978308000512	[201.0, 195.0, 172.0, 223.0, 166.0]
604	541.43302	154.0	14.4	2.244994432064365	1.0039920318408906	[13.0, 13.0, 12.0, 16.0, 18.0]
605	541.43298	145	200.0	16.45600194457937	7.359347797189639	[215.0, 202.0, 220.0, 186.0, 177.0]
606	541.43302	155.0	11.0	1.4142135623730951	0.6324555320336759	[13.0, 9.0, 12.0, 10.0, 11.0]
607	541.43298	145	188.8	17.05754964817632	7.628368108579974	[203.0, 189.0, 168.0, 172.0, 212.0]
608	541.43302	156.0	10.8	3.1240998703626617	1.3971399357258383	[6.0, 15.0, 9.0, 13.0, 11.0]
609	541.43298	145	187.2	12.023310692151309	5.376988004450075	[191.0, 194.0, 175.0, 204.0, 172.0]
610	541.43302	157.0	8.0	1.0954451150103321	0.48989794855663554	[7.0, 8.0, 8.0, 7.0, 10.0]
611	541.43298	145	184.0	9.23038460737146	4.127953488110058	[177.0, 199.0, 190.0, 174.0, 180.0]
612	541.43302	158.0	7.6	1.0198039027185568	0.4560701700396551	[6.0, 7.0, 9.0, 8.0, 8.0]
613	541.43298	145	189.6	12.499599993599796	5.5899910554490155	[206.0, 197.0, 176.0, 195.0, 174.0]
614	541.43302	159.0	7.0	2.8284271247461903	1.2649110640673518	[5.0, 3.0, 9.0, 7.0, 11.0]
615	541.43298	145	222.6	7.282856582413249	3.256992477731565	[211.0, 223.0, 223.0, 222.0, 234.0]
616	541.43302	160.0	6.4	1.019803902718557	0.4560701700396552	[7.0, 6.0, 8.0, 5.0, 6.0]
617	541.43298	145	206.8	16.004999218994044	7.157653246700344	[207.0, 209.0, 183.0, 233.0, 202.0]
618	541.43302	161.0	3.6	0.8	0.35777087639996635	[4.0, 3.0, 5.0, 3.0, 3.0]
619	541.43298	145	201.0	15.323185047502363	6.8527366796047255	[192.0, 203.0, 197.0, 229.0, 184.0]
620	541.43302	162.0	4.2	0.9797958971132712	0.43817804600413285	[4.0, 4.0, 6.0, 4.0, 3.0]
621	541.43298	145	210.2	26.13350340080717	11.687258018885354	[206.0, 211.0, 164.0, 231.0, 239.0]
622	541.43302	163.0	4.0	1.2649110640673518	0.565685424949238	[3.0, 3.0, 5.0, 3.0, 6.0]
623	541.43298	145	199.8	27.672368890284762	12.375459587425429	[153.0, 234.0, 220.0, 200.0, 192.0]
624	541.43302	164.0	2.8	1.7204650534085253	0.7694153624668537	[2.0, 0.0, 3.0, 5.0, 4.0]
625	541.43298	145	207.6	19.303885619221845	8.632960094892132	[207.0, 193.0, 237.0, 182.0, 219.0]
626	541.43302	165.0	1.8	0.7483314773547883	0.3346640106136302	[3.0, 2.0, 2.0, 1.0, 1.0]
627	541.43298	145	215.0	7.694153624668538	3.4409301068170506	[223.0, 221.0, 201.0, 215.0, 215.0]
628	541.43302	166.0	2.4	1.2000000000000002	0.5366563145999496	[3.0, 1.0, 4.0, 1.0, 3.0]
629	541.43298	145	209.2	17.713271860387625	7.921615996752179	[227.0, 213.0, 227.0, 198.0, 181.0]
630	541.43302	167.0	1.6	1.2	0.5366563145999494	[3.0, 1.0, 3.0, 1.0, 0.0]
631	541.43298	145	189.0	10.677078252031311	4.774934554525329	[193.0, 186.0, 184.0, 175.0, 207.0]
632	541.43302	168.0	2.2	1.16619037896906	0.5215361924162119	[2.0, 1.0, 1.0, 3.0, 4.0]
633	541.43298	145	204.8	16.436544649043483	7.3506462300943305	[210.0, 225.0, 210.0, 204.0, 175.0]
634	541.43302	169.0	0.6	0.8	0.35777087639996635	[0.0, 0.0, 0.0, 1.0, 2.0]
635	541.43298	145	217.0	15.05988047761336	6.734983296193095	[247.0, 210.0, 211.0, 210.0, 207.0]
636	541.43302	170.0	0.6	0.48989794855663565	0.21908902300206645	[1.0, 0.0, 1.0, 0.0, 1.0]
637	541.43298	145	219.2	14.878171930717832	6.653720763602872	[220.0, 217.0, 246.0, 212.0, 201.0]
638	541.43302	171.0	0.8	0.4	0.17888543819998318	[1.0, 1.0, 1.0, 0.0, 1.0]
639	541.43298	145	218.8	39.1632480777578	17.51433698431088	[231.0, 165.0, 281.0, 192.0, 225.0]
640	541.43302	172.0	1.2	1.1661903789690602	0.521536192416212	[2.0, 3.0, 0.0, 1.0, 0.0]
641	541.43298	145	208.6	5.0039984012787215	2.2378561169118982	[200.0, 213.0, 214.0, 209.0, 207.0]
642	541.43302	173.0	1.2	0.7483314773547883	0.3346640106136302	[2.0, 2.0, 1.0, 1.0, 0.0]
643	541.43298	145	191.2	12.448293055676348	5.567045895266178	[172.0, 190.0, 197.0, 210.0, 187.0]
644	541.43302	174.0	0.2	0.4	0.17888543819998318	[0.0, 0.0, 0.0, 0.0, 1.0]
645	541.43298	145	193.8	11.443775600735973	5.117812032499826	[185.0, 196.0, 211.0, 199.0, 178.0]
646	541.43302	175.0	0.2	0.4000000000000001	0.1788854381999832	[0.0, 1.0, 0.0, 0.0, 0.0]
647	541.43298	145	177.4	4.454211490264018	1.9919839356781972	[180.0, 173.0, 184.0, 178.0, 172.0]
648	541.43302	176.0	0.6	0.48989794855663565	0.21908902300206645	[0.0, 1.0, 1.0, 0.0, 1.0]
649	541.43298	145	200.4	13.062924634246345	5.841917493426281	[202.0, 219.0, 202.0, 201.0, 178.0]
650	541.43302	177.0	0.4	0.48989794855663565	0.21908902300206645	[0.0, 1.0, 1.0, 0.0, 0.0]
651	541.43298	145	202.6	21.322288807724185	9.535617441990844	[225.0, 201.0, 196.0, 224.0, 167.0]
652	541.43302	178.0	0.0	0.0	0.0	[0.0, 0.0, 0.0, 0.0, 0.0]
653	541.43298	145	189.0	19.21457779916072	8.593020423576332	[179.0, 226.0, 178.0, 189.0, 173.0]
654	541.43302	179.0	1.0	1.5491933384829668	0.6928203230275509	[0.0, 1.0, 4.0, 0.0, 0.0]
655	541.43298	145	211.6	8.357032966310472	3.737378760575385	[208.0, 205.0, 223.0, 202.0, 220.0]
656	541.43302	180.0	0.2	0.4000000000000001	0.1788854381999832	[0.0, 1.0, 0.0, 0.0, 0.0]
657	541.43298	145	179.4	11.253443917308159	5.032693116016513	[188.0, 180.0, 169.0, 165.0, 195.0]
658	541.43304	140.0	0.0	0.0	0.0	[0.0, 0.0, 0.0, 0.0, 0.0]
659	541.43298	145	196.2	16.702095676890373	7.469404260046447	[200.0, 181.0, 216.0, 173.0, 211.0]
660	541.43304	141.0	0.0	0.0	0.0	[0.0, 0.0, 0.0, 0.0, 0.0]
661	541.43298	145	192.4	4.454211490264018	1.9919839356781972	[199.0, 187.0, 188.0, 195.0, 193.0]
662	541.43304	142.0	2.8	1.16619037896906	0.5215361924162119	[4.0, 4.0, 3.0, 2.0, 1.0]
663	541.43298	145	182.6	8.8	3.93547964039963	[199.0, 176.0, 182.0, 182.0, 174.0]
664	541.43304	143.0	0.6	0.48989794855663565	0.21908902300206645	[0.0, 1.0, 1.0, 1.0, 0.0]
665	541.43298	145	191.6	19.4381069037085	8.692985678120033	[177.0, 226.0, 181.0, 200.0, 174.0]
666	541.43304	144.0	0.4	0.48989794855663565	0.21908902300206645	[0.0, 1.0, 0.0, 0.0, 1.0]
667	541.43298	145	180.6	9.046546302318914	4.045738498716891	[179.0, 186.0, 170.0, 195.0, 173.0]
668	541.43304	145.0	0.8	0.7483314773547883	0.3346640106136302	[1.0, 1.0, 2.0, 0.0, 0.0]
669	541.43298	145	191.6	12.784365451597509	5.7173420397943655	[173.0, 213.0, 192.0, 188.0, 192.0]
670	541.43304	146.0	2.0	1.2649110640673518	0.565685424949238	[1.0, 0.0, 3.0, 3.0, 3.0]
671	541.43298	145	181.2	10.814804667676619	4.836527680061388	[187.0, 181.0, 167.0, 173.0, 198.0]
672	541.43304	147.0	6.4	3.1368774282716245	1.4028542333400145	[4.0, 7.0, 6.0, 3.0, 12.0]
673	541.43298	145	179.8	16.30214709785187	7.2905418179995385	[160.0, 200.0, 162.0, 183.0, 194.0]
674	541.43304	148.0	11.2	2.0396078054371136	0.9121403400793102	[8.0, 10.0, 14.0, 12.0, 12.0]
675	541.43298	145	187.4	13.61763562443936	6.089991789813841	[178.0, 169.0, 196.0, 186.0, 208.0]
676	541.43304	149.0	13.8	2.1354156504062622	0.9549869109050657	[16.0, 10.0, 15.0, 13.0, 15.0]
677	541.43298	145	186.4	14.430523206037956	6.453526167917814	[182.0, 195.0, 174.0, 171.0, 210.0]
678	541.43304	150.0	15.4	1.019803902718557	0.4560701700396552	[15.0, 15.0, 17.0, 14.0, 16.0]
679	541.43298	145	193.6	16.835676404587964	7.5291433775695875	[195.0, 198.0, 175.0, 178.0, 222.0]
680	541.43304	151.0	14.6	1.8547236990991407	0.8294576541331088	[14.0, 18.0, 15.0, 13.0, 13.0]
681	541.43298	145	197.2	22.807016464237492	10.199607835598385	[198.0, 179.0, 241.0, 185.0, 183.0]
682	541.43304	152.0	14.0	1.8973665961010275	0.8485281374238569	[16.0, 16.0, 13.0, 14.0, 11.0]
683	541.43298	145	196.2	10.007996802557443	4.4757122338237965	[178.0, 202.0, 194.0, 200.0, 207.0]
684	541.43304	153.0	13.6	1.624807680927192	0.7266360849833979	[15.0, 13.0, 12.0, 16.0, 12.0]
685	541.43298	145	193.8	22.21170862405682	9.933378075961873	[185.0, 194.0, 215.0, 157.0, 218.0]
686	541.43304	154.0	11.6	1.4966629547095764	0.6693280212272603	[14.0, 10.0, 12.0, 10.0, 12.0]
687	541.43298	145	193.4	8.138795979750322	3.639780213144744	[209.0, 191.0, 193.0, 187.0, 187.0]
688	541.43304	155.0	7.8	2.6381811916545836	1.17983049630021	[11.0, 8.0, 8.0, 3.0, 9.0]
689	541.43298	145	192.8	11.855800268223145	5.302075065481438	[192.0, 178.0, 209.0, 182.0, 203.0]
690	541.43304	156.0	6.8	1.8330302779823362	0.8197560612767679	[5.0, 9.0, 9.0, 6.0, 5.0]
691	541.43298	145	190.6	8.777243302996677	3.9253025361110705	[187.0, 187.0, 208.0, 184.0, 187.0]
692	541.43304	157.0	6.0	2.1908902300206643	0.9797958971132711	[6.0, 8.0, 6.0, 8.0, 2.0]
693	541.43298	145	197.0	18.920887928424502	8.461678320522472	[221.0, 175.0, 218.0, 189.0, 182.0]
694	541.43304	158.0	5.0	2.8284271247461903	1.2649110640673518	[6.0, 0.0, 8.0, 4.0, 7.0]
695	541.43298	145	195.0	9.121403400793104	4.079215610874228	[182.0, 208.0, 200.0, 197.0, 188.0]
696	541.43304	159.0	2.6	1.3564659966250536	0.606630035524124	[4.0, 4.0, 3.0, 1.0, 1.0]
697	541.43298	145	201.0	13.007690033207279	5.817215828899594	[196.0, 219.0, 193.0, 213.0, 184.0]
698	541.43304	160.0	3.6	1.8547236990991407	0.8294576541331088	[2.0, 1.0, 5.0, 4.0, 6.0]
699	541.43298	145	204.0	7.974960814950754	3.5665109000254014	[207.0, 212.0, 212.0, 195.0, 194.0]
700	541.43304	161.0	2.2	1.469693845669907	0.6572670690061994	[5.0, 2.0, 2.0, 1.0, 1.0]
701	541.43298	145	193.8	29.19863010485252	13.058024352864408	[146.0, 215.0, 189.0, 232.0, 187.0]
702	541.43304	162.0	1.6	0.4898979485566356	0.21908902300206642	[1.0, 1.0, 2.0, 2.0, 2.0]
703	541.43298	145	192.2	18.956792977716457	8.47773554671293	[184.0, 191.0, 168.0, 226.0, 192.0]
704	541.43304	163.0	0.8	0.9797958971132713	0.4381780460041329	[2.0, 2.0, 0.0, 0.0, 0.0]
705	541.43298	145	174.4	3.555277766926235	1.5899685531481431	[177.0, 171.0, 171.0, 180.0, 173.0]
706	541.43304	164.0	1.4	1.2	0.5366563145999494	[0.0, 2.0, 0.0, 2.0, 3.0]
707	541.43298	145	158.0	23.477648945326703	10.499523798725349	[147.0, 153.0, 127.0, 198.0, 165.0]
708	541.43304	165.0	1.6	1.3564659966250536	0.606630035524124	[1.0, 1.0, 2.0, 4.0, 0.0]
709	541.43298	145	169.2	12.734205903785286	5.694910008068609	[170.0, 147.0, 168.0, 186.0, 175.0]
710	541.43304	166.0	0.2	0.4000000000000001	0.1788854381999832	[0.0, 0.0, 1.0, 0.0, 0.0]
711	541.43298	145	192.0	12.13260071048248	5.425863986500214	[189.0, 215.0, 179.0, 190.0, 187.0]
712	541.43304	167.0	1.0	0.6324555320336759	0.282842712474619	[2.0, 1.0, 1.0, 1.0, 0.0]
713	541.43298	145	170.2	11.720068259186888	5.241373865695901	[152.0, 166.0, 183.0, 183.0, 167.0]
714	541.43304	168.0	1.0	0.6324555320336759	0.282842712474619	[2.0, 1.0, 0.0, 1.0, 1.0]
715	541.43298	145	178.4	24.046621384302618	10.75397600890015	[148.0, 220.0, 186.0, 170.0, 168.0]
716	541.43304	169.0	1.0	0.0	0.0	[1.0, 1.0, 1.0, 1.0, 1.0]
717	541.43298	145	169.0	13.311649033834989	5.9531504264548865	[189.0, 154.0, 170.0, 155.0, 177.0]
718	541.43304	170.0	0.8	0.4	0.17888543819998318	[1.0, 1.0, 1.0, 1.0, 0.0]
719	541.43298	145	186.8	13.422369388450013	6.002666074337302	[200.0, 205.0, 173.0, 183.0, 173.0]
720	541.43304	171.0	0.6	0.8	0.35777087639996635	[0.0, 0.0, 0.0, 2.0, 1.0]
721	541.43298	145	181.8	14.579437574886077	6.520122698231989	[165.0, 203.0, 195.0, 172.0, 174.0]
722	541.43304	172.0	0.2	0.4000000000000001	0.1788854381999832	[1.0, 0.0, 0.0, 0.0, 0.0]
723	541.43298	145	179.4	12.435433245367852	5.561294813260668	[181.0, 158.0, 176.0, 195.0, 187.0]
724	541.43304	173.0	0.4	0.48989794855663565	0.21908902300206645	[0.0, 1.0, 0.0, 1.0, 0.0]
725	541.43298	145	177.0	13.130118049735882	5.871967302361279	[175.0, 172.0, 191.0, 191.0, 156.0]
726	541.43304	174.0	0.4	0.48989794855663565	0.21908902300206645	[1.0, 0.0, 1.0, 0.0, 0.0]
727	541.43298	145	174.4	17.76063061943466	7.94279547766402	[158.0, 178.0, 195.0, 150.0, 191.0]
728	541.43304	175.0	0.0	0.0	0.0	[0.0, 0.0, 0.0, 0.0, 0.0]
729	541.43298	145	165.0	14.226735395022992	6.362389488234746	[164.0, 188.0, 172.0, 153.0, 148.0]
730	541.43304	176.0	0.8	0.7483314773547883	0.3346640106136302	[1.0, 0.0, 2.0, 1.0, 0.0]
731	541.43298	145	174.2	19.363883907935413	8.659792145311572	[145.0, 170.0, 198.0, 165.0, 193.0]
732	541.43304	177.0	0.2	0.4000000000000001	0.1788854381999832	[0.0, 1.0, 0.0, 0.0, 0.0]
733	541.43298	145	178.0	10.019980039900279	4.481071300481616	[182.0, 195.0, 166.0, 171.0, 176.0]
734	541.43304	178.0	0.2	0.4000000000000001	0.1788854381999832	[0.0, 1.0, 0.0, 0.0, 0.0]
735	541.43298	145	165.2	16.412190591142913	7.339754764295602	[148.0, 181.0, 146.0, 165.0, 186.0]
736	541.43304	179.0	0.2	0.4000000000000001	0.1788854381999832	[1.0, 0.0, 0.0, 0.0, 0.0]
737	541.43298	145	151.6	21.000952359357424	9.391911413551558	[144.0, 189.0, 134.0, 132.0, 159.0]
738	541.43304	180.0	0.4	0.48989794855663565	0.21908902300206645	[1.0, 0.0, 0.0, 1.0, 0.0]
739	541.43298	145	172.4	15.344054223053305	6.862069658637982	[176.0, 195.0, 152.0, 180.0, 159.0]
740	541.4330600000001	140.0	0.0	0.0	0.0	[0.0, 0.0, 0.0, 0.0, 0.0]
741	541.43298	145	187.8	17.52027397046062	7.835304716474018	[173.0, 212.0, 177.0, 171.0, 206.0]
742	541.4330600000001	141.0	0.0	0.0	0.0	[0.0, 0.0, 0.0, 0.0, 0.0]
743	541.43298	145	168.4	14.65059725744995	6.551946275726015	[143.0, 171.0, 166.0, 188.0, 174.0]
744	541.4330600000001	142.0	3.2	0.7483314773547882	0.33466401061363016	[3.0, 4.0, 3.0, 2.0, 4.0]
745	541.43298	145	178.4	2.576819745345025	1.1523888232710344	[179.0, 179.0, 174.0, 182.0, 178.0]
746	541.4330600000001	143.0	1.2	0.9797958971132712	0.43817804600413285	[3.0, 1.0, 1.0, 0.0, 1.0]
747	541.43298	145	199.8	15.471263684650975	6.918959459340689	[227.0, 187.0, 187.0, 191.0, 207.0]
748	541.4330600000001	144.0	0.0	0.0	0.0	[0.0, 0.0, 0.0, 0.0, 0.0]
749	541.43298	145	184.6	14.8	6.618761213399377	[160.0, 199.0, 190.0, 176.0, 198.0]
750	541.4330600000001	145.0	0.4	0.8000000000000002	0.3577708763999664	[0.0, 2.0, 0.0, 0.0, 0.0]
751	541.43298	145	164.8	12.749901960407382	5.7019294979857476	[179.0, 166.0, 171.0, 141.0, 167.0]
752	541.4330600000001	146.0	3.0	1.6733200530681511	0.7483314773547882	[1.0, 2.0, 3.0, 6.0, 3.0]
753	541.43298	145	136.0	8.87693640846886	3.9698866482558417	[144.0, 137.0, 128.0, 147.0, 124.0]
754	541.4330600000001	147.0	4.6	1.2	0.5366563145999494	[4.0, 6.0, 3.0, 6.0, 4.0]
755	541.43298	145	111.2	9.47417542586161	4.236980056596916	[95.0, 115.0, 113.0, 124.0, 109.0]
756	541.4330600000001	148.0	9.0	1.5491933384829668	0.6928203230275509	[8.0, 12.0, 9.0, 8.0, 8.0]
757	541.43298	145	137.2	8.840814442120138	3.9537324138085013	[132.0, 141.0, 135.0, 126.0, 152.0]
758	541.4330600000001	149.0	11.0	1.7888543819998317	0.7999999999999999	[13.0, 9.0, 11.0, 13.0, 9.0]
759	541.43298	145	129.0	14.127986409959489	6.318227599572525	[132.0, 120.0, 155.0, 115.0, 123.0]
760	541.4330600000001	150.0	12.2	1.7204650534085253	0.7694153624668537	[12.0, 9.0, 13.0, 13.0, 14.0]
761	541.43298	145	127.8	6.705221845696084	2.9986663702386096	[122.0, 140.0, 123.0, 124.0, 130.0]
762	541.4330600000001	151.0	11.4	1.2	0.5366563145999494	[10.0, 12.0, 12.0, 13.0, 10.0]
763	541.43298	145	136.4	21.067510531621906	9.421677133079863	[117.0, 117.0, 161.0, 124.0, 163.0]
764	541.4330600000001	152.0	11.6	1.019803902718557	0.4560701700396552	[12.0, 12.0, 11.0, 13.0, 10.0]
765	541.43298	145	136.0	12.680693987317888	5.670978751503131	[128.0, 133.0, 131.0, 127.0, 161.0]
766	541.4330600000001	153.0	7.8	1.8330302779823362	0.8197560612767679	[8.0, 11.0, 6.0, 6.0, 8.0]
767	541.43298	145	114.4	10.365326815879952	4.635515073861804	[116.0, 121.0, 121.0, 94.0, 120.0]
768	541.4330600000001	154.0	3.8	1.16619037896906	0.5215361924162119	[2.0, 5.0, 3.0, 5.0, 4.0]
769	541.43298	145	135.0	12.263767773404714	5.4845236803208355	[144.0, 113.0, 148.0, 138.0, 132.0]
770	541.4330600000001	155.0	5.8	1.469693845669907	0.6572670690061994	[3.0, 7.0, 6.0, 6.0, 7.0]
771	541.43298	145	125.4	9.134549797335389	4.0850948581397715	[132.0, 137.0, 127.0, 120.0, 111.0]
772	541.4330600000001	156.0	3.4	0.8	0.35777087639996635	[4.0, 3.0, 4.0, 2.0, 4.0]
773	541.43298	145	132.8	5.2687759489277965	2.3562682360037024	[130.0, 135.0, 127.0, 130.0, 142.0]
774	541.4330600000001	157.0	2.6	1.2	0.5366563145999494	[2.0, 4.0, 2.0, 4.0, 1.0]
775	541.43298	145	106.0	11.916375287812984	5.329165037789691	[102.0, 93.0, 96.0, 114.0, 125.0]
776	541.4330600000001	158.0	2.8	0.7483314773547882	0.33466401061363016	[4.0, 3.0, 3.0, 2.0, 2.0]
777	541.43298	145	137.4	21.996363335788033	9.837072735321215	[117.0, 160.0, 118.0, 168.0, 124.0]
778	541.4330600000001	159.0	1.4	1.4966629547095764	0.6693280212272603	[4.0, 0.0, 1.0, 2.0, 0.0]
779	541.43298	145	127.8	11.461239025515523	5.125621913485231	[132.0, 107.0, 130.0, 128.0, 142.0]
780	541.4330600000001	160.0	2.0	1.2649110640673518	0.565685424949238	[1.0, 1.0, 3.0, 1.0, 4.0]
781	541.43298	145	146.8	16.678129391511508	7.458686211391386	[138.0, 157.0, 118.0, 159.0, 162.0]
782	541.4330600000001	161.0	1.0	0.6324555320336759	0.282842712474619	[1.0, 2.0, 0.0, 1.0, 1.0]
783	541.43298	145	134.4	7.964923100695951	3.5620218977429094	[121.0, 140.0, 138.0, 143.0, 130.0]
784	541.4330600000001	162.0	1.4	1.2	0.5366563145999494	[0.0, 0.0, 2.0, 3.0, 2.0]
785	541.43298	145	121.6	11.80847153530041	5.280909012660604	[125.0, 112.0, 140.0, 106.0, 125.0]
786	541.4330600000001	163.0	0.2	0.4000000000000001	0.1788854381999832	[0.0, 1.0, 0.0, 0.0, 0.0]
787	541.43298	145	117.0	15.033296378372908	6.723094525588644	[93.0, 132.0, 134.0, 115.0, 111.0]
788	541.4330600000001	164.0	0.2	0.4000000000000001	0.1788854381999832	[0.0, 0.0, 1.0, 0.0, 0.0]
789	541.43298	145	96.0	1.4142135623730951	0.6324555320336759	[97.0, 96.0, 94.0, 95.0, 98.0]
790	541.4330600000001	165.0	0.4	0.48989794855663565	0.21908902300206645	[1.0, 0.0, 1.0, 0.0, 0.0]
791	541.43298	145	122.2	5.03587132480567	2.25211012164148	[129.0, 114.0, 125.0, 123.0, 120.0]
792	541.4330600000001	166.0	0.0	0.0	0.0	[0.0, 0.0, 0.0, 0.0, 0.0]
793	541.43298	145	125.0	4.8166378315169185	2.1540659228538015	[122.0, 133.0, 122.0, 120.0, 128.0]
794	541.4330600000001	167.0	1.4	1.019803902718557	0.4560701700396552	[1.0, 3.0, 0.0, 1.0, 2.0]
795	541.43298	145	138.8	7.756287771866127	3.468717342188608	[136.0, 136.0, 154.0, 132.0, 136.0]
796	541.4330600000001	168.0	0.4	0.8000000000000002	0.3577708763999664	[0.0, 2.0, 0.0, 0.0, 0.0]
797	541.43298	145	117.2	6.11228271597445	2.733495930123182	[128.0, 111.0, 119.0, 112.0, 116.0]
798	541.4330600000001	169.0	0.4	0.48989794855663565	0.21908902300206645	[0.0, 1.0, 1.0, 0.0, 0.0]
799	541.43298	145	116.4	12.076423311560422	5.400740689942445	[123.0, 130.0, 96.0, 123.0, 110.0]
800	541.4330600000001	170.0	0.2	0.4000000000000001	0.1788854381999832	[0.0, 0.0, 1.0, 0.0, 0.0]
801	541.43298	145	113.0	11.679041056525147	5.223025942880239	[121.0, 125.0, 96.0, 102.0, 121.0]
802	541.4330600000001	171.0	0.0	0.0	0.0	[0.0, 0.0, 0.0, 0.0, 0.0]
803	541.43298	145	101.8	7.025667228100119	3.141973901864877	[92.0, 113.0, 101.0, 105.0, 98.0]
804	541.4330600000001	172.0	0.0	0.0	0.0	[0.0, 0.0, 0.0, 0.0, 0.0]
805	541.43298	145	103.8	14.005713120009277	6.263545321940282	[101.0, 110.0, 78.0, 118.0, 112.0]
806	541.4330600000001	173.0	0.0	0.0	0.0	[0.0, 0.0, 0.0, 0.0, 0.0]
807	541.43298	145	110.2	10.943491216243563	4.894078054138491	[113.0, 100.0, 130.0, 101.0, 107.0]
808	541.4330600000001	174.0	0.2	0.4000000000000001	0.1788854381999832	[0.0, 0.0, 1.0, 0.0, 0.0]
809	541.43298	145	124.2	4.621688003316537	2.06688170924221	[124.0, 121.0, 133.0, 120.0, 123.0]
810	541.4330600000001	175.0	0.2	0.4000000000000001	0.1788854381999832	[0.0, 1.0, 0.0, 0.0, 0.0]
811	541.43298	145	113.6	7.4993333037010705	3.3538038106007337	[112.0, 111.0, 127.0, 104.0, 114.0]
812	541.4330600000001	176.0	0.4	0.48989794855663565	0.21908902300206645	[0.0, 0.0, 0.0, 1.0, 1.0]
813	541.43298	145	105.0	14.778362561528933	6.609084656743322	[126.0, 80.0, 105.0, 104.0, 110.0]
814	541.4330600000001	177.0	0.0	0.0	0.0	[0.0, 0.0, 0.0, 0.0, 0.0]
815	541.43298	145	123.6	9.991996797437437	4.468556814006061	[133.0, 109.0, 117.0, 136.0, 123.0]
816	541.4330600000001	178.0	0.0	0.0	0.0	[0.0, 0.0, 0.0, 0.0, 0.0]
817	541.43298	145	141.0	10.862780491200215	4.857983120596447	[130.0, 127.0, 151.0, 143.0, 154.0]
818	541.4330600000001	179.0	0.0	0.0	0.0	[0.0, 0.0, 0.0, 0.0, 0.0]
819	541.43298	145	115.0	17.017637908946117	7.6105190361761785	[96.0, 116.0, 96.0, 129.0, 138.0]
820	541.4330600000001	180.0	0.2	0.4000000000000001	0.1788854381999832	[0.0, 1.0, 0.0, 0.0, 0.0]
821	541.43298	145	131.2	14.661514246489004	6.556828501646204	[148.0, 111.0, 127.0, 148.0, 122.0]
822	541.43308	140.0	0.0	0.0	0.0	[0.0, 0.0, 0.0, 0.0, 0.0]
823	541.43298	145	118.6	13.062924634246345	5.841917493426281	[112.0, 102.0, 141.0, 123.0, 115.0]
824	541.43308	141.0	0.0	0.0	0.0	[0.0, 0.0, 0.0, 0.0, 0.0]
825	541.43298	145	112.2	6.675327707311454	2.9852973051272462	[111.0, 106.0, 105.0, 123.0, 116.0]
826	541.43308	142.0	3.0	1.4142135623730951	0.6324555320336759	[3.0, 5.0, 1.0, 2.0, 4.0]
827	541.43298	145	137.0	20.228692493584454	9.046546302318912	[119.0, 135.0, 147.0, 170.0, 114.0]
828	541.43308	143.0	0.2	0.4000000000000001	0.1788854381999832	[1.0, 0.0, 0.0, 0.0, 0.0]
829	541.43298	145	125.8	5.528109984434102	2.4722459424579912	[126.0, 126.0, 116.0, 128.0, 133.0]
830	541.43308	144.0	0.0	0.0	0.0	[0.0, 0.0, 0.0, 0.0, 0.0]
831	541.43298	145	127.2	8.23164625090267	3.681304116749932	[116.0, 131.0, 130.0, 139.0, 120.0]
832	541.43308	145.0	0.6	0.48989794855663565	0.21908902300206645	[0.0, 1.0, 1.0, 1.0, 0.0]
833	541.43298	145	114.8	12.056533498481228	5.391845695121476	[109.0, 110.0, 122.0, 99.0, 134.0]
834	541.43308	146.0	2.0	1.4142135623730951	0.6324555320336759	[3.0, 1.0, 4.0, 2.0, 0.0]
835	541.43298	145	91.8	6.368673331236264	2.8481572990268638	[91.0, 82.0, 91.0, 102.0, 93.0]
836	541.43308	147.0	3.6	1.019803902718557	0.4560701700396552	[4.0, 4.0, 3.0, 5.0, 2.0]
837	541.43298	145	79.4	10.05186549850325	4.495330911067615	[84.0, 95.0, 68.0, 81.0, 69.0]
838	541.43308	148.0	6.6	1.2	0.5366563145999494	[6.0, 6.0, 8.0, 5.0, 8.0]
839	541.43298	145	88.0	5.585696017507576	2.497999199359359	[85.0, 93.0, 85.0, 81.0, 96.0]
840	541.43308	149.0	8.0	1.7888543819998317	0.7999999999999999	[9.0, 5.0, 9.0, 10.0, 7.0]
841	541.43298	145	99.8	9.19565114605812	4.11242021199196	[91.0, 100.0, 117.0, 98.0, 93.0]
842	541.43308	150.0	9.6	2.33238075793812	1.0430723848324237	[10.0, 6.0, 8.0, 12.0, 12.0]
843	541.43298	145	101.4	5.885575587824865	2.632109420217936	[92.0, 99.0, 106.0, 109.0, 101.0]
844	541.43308	151.0	8.4	1.3564659966250536	0.606630035524124	[9.0, 8.0, 6.0, 10.0, 9.0]
845	541.43298	145	95.6	7.310266752998826	3.269250678672408	[103.0, 83.0, 92.0, 99.0, 101.0]
846	541.43308	152.0	5.0	0.6324555320336759	0.282842712474619	[6.0, 4.0, 5.0, 5.0, 5.0]
847	541.43298	145	98.0	5.0990195135927845	2.2803508501982757	[97.0, 99.0, 98.0, 106.0, 90.0]
848	541.43308	153.0	5.2	1.16619037896906	0.5215361924162119	[5.0, 7.0, 4.0, 6.0, 4.0]
849	541.43298	145	93.0	8.17312669668102	3.655133376499413	[79.0, 93.0, 97.0, 104.0, 92.0]
850	541.43308	154.0	3.8	0.7483314773547882	0.33466401061363016	[5.0, 3.0, 3.0, 4.0, 4.0]
851	541.43298	145	118.8	15.144636014114042	6.772887124410092	[122.0, 89.0, 128.0, 130.0, 125.0]
852	541.43308	155.0	3.6	1.3564659966250538	0.6066300355241241	[3.0, 6.0, 4.0, 3.0, 2.0]
853	541.43298	145	117.8	14.119490075778232	6.3144279234147564	[96.0, 114.0, 138.0, 114.0, 127.0]
854	541.43308	156.0	1.6	1.624807680927192	0.7266360849833979	[0.0, 0.0, 4.0, 3.0, 1.0]
855	541.43298	145	105.6	6.248199740725323	2.7942798714516766	[97.0, 111.0, 110.0, 99.0, 111.0]
856	541.43308	157.0	0.6	0.7999999999999999	0.3577708763999663	[1.0, 0.0, 2.0, 0.0, 0.0]
857	541.43298	145	94.4	11.324310133513652	5.064385451365249	[111.0, 94.0, 86.0, 102.0, 79.0]
858	541.43308	158.0	1.8	1.469693845669907	0.6572670690061994	[1.0, 3.0, 0.0, 1.0, 4.0]
859	541.43298	145	101.8	10.533755265810953	4.710838566539931	[106.0, 89.0, 93.0, 102.0, 119.0]
860	541.43308	159.0	0.6	0.48989794855663565	0.21908902300206645	[0.0, 0.0, 1.0, 1.0, 1.0]
861	541.43298	145	94.4	9.43610088966836	4.219952606368939	[92.0, 77.0, 102.0, 102.0, 99.0]
862	541.43308	160.0	0.6	0.8	0.35777087639996635	[0.0, 0.0, 0.0, 1.0, 2.0]
863	541.43298	145	90.4	11.976643937263894	5.3561179972065585	[105.0, 78.0, 78.0, 104.0, 87.0]
864	541.43308	161.0	0.6	0.7999999999999999	0.3577708763999663	[0.0, 0.0, 2.0, 1.0, 0.0]
865	541.43298	145	113.4	13.001538370516005	5.814464721709127	[107.0, 134.0, 100.0, 123.0, 103.0]
866	541.43308	162.0	0.4	0.48989794855663565	0.21908902300206645	[0.0, 0.0, 1.0, 0.0, 1.0]
867	541.43298	145	130.4	7.059745037889116	3.1572139617073782	[135.0, 122.0, 139.0, 134.0, 122.0]
868	541.43308	163.0	0.6	0.48989794855663565	0.21908902300206645	[1.0, 1.0, 0.0, 0.0, 1.0]
869	541.43298	145	112.0	14.953260514014994	6.687301398920194	[89.0, 128.0, 116.0, 126.0, 101.0]
870	541.43308	164.0	0.2	0.4000000000000001	0.1788854381999832	[1.0, 0.0, 0.0, 0.0, 0.0]
871	541.43298	145	120.4	15.278743403827423	6.832861772346927	[103.0, 119.0, 105.0, 142.0, 133.0]
872	541.43308	165.0	0.0	0.0	0.0	[0.0, 0.0, 0.0, 0.0, 0.0]
873	541.43298	145	85.0	17.469974241537965	7.812809993849844	[80.0, 101.0, 83.0, 105.0, 56.0]
874	541.43308	166.0	0.2	0.4	0.17888543819998318	[0.0, 0.0, 0.0, 0.0, 1.0]
875	541.43298	145	62.6	14.677874505527017	6.564145031913904	[40.0, 79.0, 55.0, 78.0, 61.0]
876	541.43308	167.0	0.4	0.48989794855663565	0.21908902300206645	[1.0, 1.0, 0.0, 0.0, 0.0]
877	541.43298	145	76.8	7.678541528180987	3.4339481650135606	[70.0, 77.0, 67.0, 88.0, 82.0]
878	541.43308	168.0	0.4	0.48989794855663565	0.21908902300206645	[0.0, 1.0, 0.0, 0.0, 1.0]
879	541.43298	145	106.4	16.523922052587878	7.3897225928988695	[86.0, 116.0, 102.0, 95.0, 133.0]
880	541.43308	169.0	0.2	0.4000000000000001	0.1788854381999832	[1.0, 0.0, 0.0, 0.0, 0.0]
881	541.43298	145	78.8	3.7094473981982814	1.6589153082662176	[74.0, 76.0, 84.0, 78.0, 82.0]
882	541.43308	170.0	0.2	0.4	0.17888543819998318	[0.0, 0.0, 0.0, 1.0, 0.0]
883	541.43298	145	65.6	7.059745037889116	3.1572139617073782	[74.0, 73.0, 56.0, 65.0, 60.0]
884	541.43308	171.0	0.0	0.0	0.0	[0.0, 0.0, 0.0, 0.0, 0.0]
885	541.43298	145	67.2	7.222188034107115	3.229860678109816	[64.0, 70.0, 78.0, 56.0, 68.0]
886	541.43308	172.0	0.6	0.48989794855663565	0.21908902300206645	[0.0, 1.0, 0.0, 1.0, 1.0]
887	541.43298	145	72.0	6.603029607687671	2.95296461204668	[71.0, 73.0, 78.0, 60.0, 78.0]
888	541.43308	173.0	0.0	0.0	0.0	[0.0, 0.0, 0.0, 0.0, 0.0]
889	541.43298	145	87.8	16.9162643630324	7.565183408219525	[77.0, 100.0, 114.0, 67.0, 81.0]
890	541.43308	174.0	0.2	0.4	0.17888543819998318	[0.0, 0.0, 0.0, 1.0, 0.0]
891	541.43298	145	90.6	5.885575587824865	2.632109420217936	[94.0, 100.0, 89.0, 83.0, 87.0]
892	541.43308	175.0	0.2	0.4000000000000001	0.1788854381999832	[0.0, 0.0, 1.0, 0.0, 0.0]
893	541.43298	145	107.2	12.859237924542807	5.750826027624205	[92.0, 98.0, 103.0, 115.0, 128.0]
894	541.43308	176.0	0.6	0.8	0.35777087639996635	[0.0, 0.0, 0.0, 1.0, 2.0]
895	541.43298	145	122.6	16.71645895517349	7.475827713370606	[96.0, 147.0, 121.0, 131.0, 118.0]
896	541.43308	177.0	0.2	0.4000000000000001	0.1788854381999832	[0.0, 0.0, 1.0, 0.0, 0.0]
897	541.43298	145	108.4	16.119553343687908	7.208883408684038	[121.0, 120.0, 103.0, 79.0, 119.0]
898	541.43308	178.0	0.2	0.4000000000000001	0.1788854381999832	[1.0, 0.0, 0.0, 0.0, 0.0]
899	541.43298	145	97.6	14.485855169785456	6.478271374371407	[108.0, 78.0, 115.0, 83.0, 104.0]
900	541.43308	179.0	0.0	0.0	0.0	[0.0, 0.0, 0.0, 0.0, 0.0]
901	541.43298	145	89.8	5.30659966456864	2.3731835158706125	[95.0, 80.0, 90.0, 90.0, 94.0]
902	541.43308	180.0	0.0	0.0	0.0	[0.0, 0.0, 0.0, 0.0, 0.0]
903	541.43298	145	120.4	15.47384890710776	6.920115605970755	[92.0, 138.0, 125.0, 119.0, 128.0]
904	541.4331000000001	140.0	0.0	0.0	0.0	[0.0, 0.0, 0.0, 0.0, 0.0]
905	541.43298	145	121.4	7.863841300534999	3.5168167424533223	[115.0, 131.0, 116.0, 114.0, 131.0]
906	541.4331000000001	141.0	0.0	0.0	0.0	[0.0, 0.0, 0.0, 0.0, 0.0]
907	541.43298	145	111.0	15.658863304850707	7.002856560004638	[109.0, 102.0, 141.0, 107.0, 96.0]
908	541.4331000000001	142.0	2.8	0.7483314773547882	0.33466401061363016	[4.0, 3.0, 2.0, 3.0, 2.0]
909	541.43298	145	101.0	18.077610461562667	8.084553172563094	[72.0, 110.0, 125.0, 107.0, 91.0]
910	541.4331000000001	143.0	0.4	0.48989794855663565	0.21908902300206645	[1.0, 0.0, 0.0, 0.0, 1.0]
911	541.43298	145	67.2	10.514751542475931	4.70233984309939	[81.0, 73.0, 60.0, 51.0, 71.0]
912	541.4331000000001	144.0	0.4	0.48989794855663565	0.21908902300206645	[0.0, 1.0, 1.0, 0.0, 0.0]
913	541.43298	145	71.2	14.204224723651762	6.352322409953701	[69.0, 84.0, 45.0, 83.0, 75.0]
914	541.4331000000001	145.0	0.2	0.4	0.17888543819998318	[0.0, 0.0, 0.0, 1.0, 0.0]
915	541.43298	145	95.4	8.42852300228219	3.7693500766047183	[84.0, 92.0, 96.0, 95.0, 110.0]
916	541.4331000000001	146.0	1.0	0.6324555320336759	0.282842712474619	[1.0, 1.0, 0.0, 2.0, 1.0]
917	541.43298	145	64.4	7.002856560004639	3.131772660970141	[70.0, 61.0, 74.0, 54.0, 63.0]
918	541.4331000000001	147.0	3.6	1.624807680927192	0.7266360849833979	[6.0, 4.0, 3.0, 4.0, 1.0]
919	541.43298	145	67.4	7.863841300535	3.5168167424533228	[68.0, 65.0, 54.0, 77.0, 73.0]
920	541.4331000000001	148.0	6.2	2.9257477676655586	1.30843417870369	[5.0, 6.0, 11.0, 2.0, 7.0]
921	541.43298	145	69.6	6.590902821313633	2.9475413483104864	[76.0, 66.0, 63.0, 79.0, 64.0]
922	541.4331000000001	149.0	4.8	1.32664991614216	0.5932958789676531	[3.0, 5.0, 4.0, 5.0, 7.0]
923	541.43298	145	72.6	6.3118935352238	2.8227646023003756	[82.0, 63.0, 72.0, 76.0, 70.0]
924	541.4331000000001	150.0	5.6	2.4166091947189146	1.0807404868885038	[7.0, 6.0, 8.0, 1.0, 6.0]
925	541.43298	145	62.2	7.807688518377254	3.491704454847231	[50.0, 70.0, 58.0, 62.0, 71.0]
926	541.4331000000001	151.0	5.2	2.3151673805580453	1.0353743284435828	[7.0, 8.0, 2.0, 6.0, 3.0]
927	541.43298	145	70.4	9.350935782048767	4.18186561237924	[79.0, 60.0, 65.0, 64.0, 84.0]
928	541.4331000000001	152.0	2.8	0.39999999999999997	0.17888543819998315	[3.0, 3.0, 3.0, 2.0, 3.0]
929	541.43298	145	79.6	11.62067123706716	5.196922166051749	[69.0, 84.0, 63.0, 89.0, 93.0]
930	541.4331000000001	153.0	2.8	1.9390719429665317	0.867179335547152	[5.0, 0.0, 5.0, 2.0, 2.0]
931	541.43298	145	81.8	8.23164625090267	3.681304116749932	[75.0, 88.0, 76.0, 95.0, 75.0]
932	541.4331000000001	154.0	2.0	0.8944271909999159	0.39999999999999997	[1.0, 2.0, 3.0, 1.0, 3.0]
933	541.43298	145	67.0	6.723094525588644	3.0066592756745814	[60.0, 70.0, 77.0, 59.0, 69.0]
934	541.4331000000001	155.0	1.4	0.8	0.35777087639996635	[2.0, 2.0, 1.0, 2.0, 0.0]
935	541.43298	145	70.6	9.221713506718803	4.124075654010241	[60.0, 59.0, 80.0, 79.0, 75.0]
936	541.4331000000001	156.0	2.2	1.16619037896906	0.5215361924162119	[1.0, 1.0, 2.0, 4.0, 3.0]
937	541.43298	145	68.6	4.454211490264017	1.9919839356781968	[74.0, 70.0, 72.0, 62.0, 65.0]
938	541.4331000000001	157.0	1.0	0.6324555320336759	0.282842712474619	[2.0, 1.0, 1.0, 1.0, 0.0]
939	541.43298	145	56.0	8.602325267042627	3.8470768123342687	[68.0, 52.0, 45.0, 64.0, 51.0]
940	541.4331000000001	158.0	0.2	0.4000000000000001	0.1788854381999832	[0.0, 1.0, 0.0, 0.0, 0.0]
941	541.43298	145	56.4	6.770524351924303	3.02787053884409	[58.0, 58.0, 66.0, 45.0, 55.0]
942	541.4331000000001	159.0	0.6	1.2000000000000002	0.5366563145999496	[0.0, 3.0, 0.0, 0.0, 0.0]
943	541.43298	145	57.8	6.4621977685614045	2.8899826989101505	[56.0, 70.0, 58.0, 52.0, 53.0]
944	541.4331000000001	160.0	1.2	0.7483314773547883	0.3346640106136302	[1.0, 1.0, 2.0, 2.0, 0.0]
945	541.43298	145	69.4	9.604165762834375	4.295113502574757	[59.0, 74.0, 85.0, 69.0, 60.0]
946	541.4331000000001	161.0	0.4	0.48989794855663565	0.21908902300206645	[0.0, 0.0, 0.0, 1.0, 1.0]
947	541.43298	145	64.2	8.133879763065101	3.6375816142046897	[65.0, 55.0, 66.0, 78.0, 57.0]
948	541.4331000000001	162.0	0.4	0.48989794855663565	0.21908902300206645	[1.0, 1.0, 0.0, 0.0, 0.0]
949	541.43298	145	48.4	10.537551897855593	4.712536472007405	[54.0, 44.0, 54.0, 30.0, 60.0]
950	541.4331000000001	163.0	0.2	0.4000000000000001	0.1788854381999832	[0.0, 0.0, 1.0, 0.0, 0.0]
951	541.43298	145	60.2	14.048487463068756	6.282674589695061	[65.0, 42.0, 79.0, 69.0, 46.0]
952	541.4331000000001	164.0	0.4	0.8000000000000002	0.3577708763999664	[0.0, 0.0, 2.0, 0.0, 0.0]
953	541.43298	145	82.2	13.25745073534124	5.928912210515517	[59.0, 83.0, 94.0, 79.0, 96.0]
954	541.4331000000001	165.0	0.8	0.7483314773547883	0.3346640106136302	[1.0, 1.0, 0.0, 2.0, 0.0]
955	541.43298	145	50.2	8.37615663654877	3.745931125901809	[50.0, 49.0, 39.0, 65.0, 48.0]
956	541.4331000000001	166.0	0.2	0.4000000000000001	0.1788854381999832	[1.0, 0.0, 0.0, 0.0, 0.0]
957	541.43298	145	57.6	7.2277243998370615	3.2323366161339075	[66.0, 53.0, 66.0, 55.0, 48.0]
958	541.4331000000001	167.0	0.4	0.8000000000000002	0.3577708763999664	[0.0, 0.0, 2.0, 0.0, 0.0]
959	541.43298	145	54.0	4.33589667773576	1.9390719429665315	[58.0, 60.0, 53.0, 50.0, 49.0]
960	541.4331000000001	168.0	0.2	0.4000000000000001	0.1788854381999832	[0.0, 0.0, 1.0, 0.0, 0.0]
961	541.43298	145	77.8	12.221292893961751	5.46552833676672	[67.0, 101.0, 69.0, 74.0, 78.0]
962	541.4331000000001	169.0	0.2	0.4000000000000001	0.1788854381999832	[1.0, 0.0, 0.0, 0.0, 0.0]
963	541.43298	145	50.8	7.332121111929345	3.2790242451070717	[61.0, 39.0, 55.0, 48.0, 51.0]
964	541.4331000000001	170.0	0.2	0.4000000000000001	0.1788854381999832	[0.0, 1.0, 0.0, 0.0, 0.0]
965	541.43298	145	61.8	11.408768557561329	5.1021564068538705	[82.0, 59.0, 49.0, 54.0, 65.0]
966	541.4331000000001	171.0	0.4	0.8	0.35777087639996635	[0.0, 0.0, 0.0, 2.0, 0.0]
967	541.43298	145	45.0	9.736529155710468	4.354308211415447	[29.0, 57.0, 44.0, 42.0, 53.0]
968	541.4331000000001	172.0	0.4	0.48989794855663565	0.21908902300206645	[0.0, 0.0, 1.0, 0.0, 1.0]
969	541.43298	145	47.4	3.0066592756745814	1.3446189051177286	[48.0, 46.0, 53.0, 45.0, 45.0]
970	541.4331000000001	173.0	0.4	0.48989794855663565	0.21908902300206645	[1.0, 1.0, 0.0, 0.0, 0.0]
971	541.43298	145	58.2	8.541662601625049	3.819947643620263	[48.0, 49.0, 70.0, 64.0, 60.0]
972	541.4331000000001	174.0	1.0	0.6324555320336759	0.282842712474619	[1.0, 2.0, 1.0, 0.0, 1.0]
973	541.43298	145	62.4	12.2245654319489	5.466991860246364	[51.0, 54.0, 73.0, 53.0, 81.0]
974	541.4331000000001	175.0	0.6	0.48989794855663565	0.21908902300206645	[1.0, 0.0, 0.0, 1.0, 1.0]
975	541.43298	145	57.2	7.626270385975047	3.410571799566753	[57.0, 60.0, 70.0, 49.0, 50.0]
976	541.4331000000001	176.0	0.0	0.0	0.0	[0.0, 0.0, 0.0, 0.0, 0.0]
977	541.43298	145	52.8	4.445222154178574	1.9879637823662684	[59.0, 46.0, 55.0, 54.0, 50.0]
978	541.4331000000001	177.0	0.0	0.0	0.0	[0.0, 0.0, 0.0, 0.0, 0.0]
979	541.43298	145	42.0	4.9396356140913875	2.209072203437452	[44.0, 33.0, 43.0, 48.0, 42.0]
980	541.4331000000001	178.0	0.2	0.4000000000000001	0.1788854381999832	[0.0, 0.0, 1.0, 0.0, 0.0]
981	541.43298	145	41.4	6.374950980203691	2.8509647489928738	[49.0, 31.0, 47.0, 41.0, 39.0]
982	541.4331000000001	179.0	0.2	0.4000000000000001	0.1788854381999832	[0.0, 1.0, 0.0, 0.0, 0.0]
983	541.43298	145	72.4	8.42852300228219	3.7693500766047183	[60.0, 75.0, 85.0, 67.0, 75.0]
984	541.4331000000001	180.0	0.6	0.48989794855663565	0.21908902300206645	[0.0, 1.0, 0.0, 1.0, 1.0]
985	541.43298	145	81.4	7.939773296511683	3.5507745633875434	[77.0, 74.0, 90.0, 92.0, 74.0]