1	541.43298	145	49.4	27.11162112452887	12.124685562933168	[0.0, 82.0, 62.0, 50.0, 53.0]
2	541.43312	140.0	0.0	0.0	0.0	[0.0, 0.0, 0.0, 0.0, 0.0]
3	541.43298	145	78.8	13.362634470792052	5.975951807034591	[92.0, 80.0, 92.0, 56.0, 74.0]
4	541.43312	141.0	0.0	0.0	0.0	[0.0, 0.0, 0.0, 0.0, 0.0]
5	541.43298	145	99.0	18.088670487352022	8.089499366462674	[115.0, 72.0, 88.0, 98.0, 122.0]
6	541.43312	142.0	2.6	1.624807680927192	0.7266360849833979	[3.0, 5.0, 0.0, 3.0, 2.0]
7	541.43298	145	105.0	14.028542333400146	6.273754856543249	[107.0, 89.0, 129.0, 93.0, 107.0]
8	541.43312	143.0	1.6	1.4966629547095767	0.6693280212272604	[2.0, 4.0, 0.0, 0.0, 2.0]
9	541.43298	145	129.8	29.130053209700804	13.027355833015386	[104.0, 156.0, 167.0, 91.0, 131.0]
10	541.43312	144.0	0.2	0.4000000000000001	0.1788854381999832	[1.0, 0.0, 0.0, 0.0, 0.0]
11	541.43298	145	121.4	10.836973747315254	4.846441993875507	[119.0, 141.0, 115.0, 123.0, 109.0]
12	541.43312	145.0	0.2	0.4	0.17888543819998318	[0.0, 0.0, 0.0, 1.0, 0.0]
13	541.43298	145	136.4	30.315672514394265	13.55758090516151	[100.0, 189.0, 147.0, 119.0, 127.0]
14	541.43312	146.0	1.4	1.4966629547095764	0.6693280212272603	[4.0, 2.0, 0.0, 0.0, 1.0]
15	541.43298	145	120.4	9.58331884056875	4.285790475513239	[115.0, 136.0, 111.0, 127.0, 113.0]
16	541.43312	147.0	1.2	0.9797958971132712	0.43817804600413285	[1.0, 1.0, 1.0, 0.0, 3.0]
17	541.43298	145	118.2	35.85749572962395	16.035959590869513	[152.0, 82.0, 162.0, 122.0, 73.0]
18	541.43312	148.0	2.2	1.8330302779823362	0.8197560612767679	[3.0, 4.0, 4.0, 0.0, 0.0]
19	541.43298	145	116.6	18.347751905887545	8.205364099173174	[101.0, 129.0, 137.0, 89.0, 127.0]
20	541.43312	149.0	2.8	0.7483314773547882	0.33466401061363016	[4.0, 3.0, 2.0, 2.0, 3.0]
21	541.43298	145	95.2	15.791136754521505	7.062011045021099	[91.0, 78.0, 120.0, 106.0, 81.0]
22	541.43312	150.0	2.8	0.7483314773547882	0.33466401061363016	[4.0, 3.0, 3.0, 2.0, 2.0]
23	541.43298	145	110.8	13.760813929415658	6.1540230743798805	[91.0, 115.0, 130.0, 118.0, 100.0]
24	541.43312	151.0	1.8	0.9797958971132713	0.4381780460041329	[3.0, 3.0, 1.0, 1.0, 1.0]
25	541.43298	145	103.8	13.43726162579266	6.0093260853443455	[100.0, 107.0, 99.0, 127.0, 86.0]
26	541.43312	152.0	1.2	0.9797958971132712	0.43817804600413285	[1.0, 1.0, 0.0, 3.0, 1.0]
27	541.43298	145	100.8	22.408926792686884	10.021576722252842	[76.0, 133.0, 87.0, 122.0, 86.0]
28	541.43312	153.0	2.0	1.4142135623730951	0.6324555320336759	[4.0, 2.0, 1.0, 3.0, 0.0]
29	541.43298	145	101.8	31.217943558152577	13.961088782756164	[60.0, 134.0, 77.0, 140.0, 98.0]
30	541.43312	154.0	0.2	0.4	0.17888543819998318	[0.0, 0.0, 0.0, 0.0, 1.0]
31	541.43298	145	115.2	5.741080037762929	2.567489045740994	[115.0, 119.0, 106.0, 123.0, 113.0]
32	541.43312	155.0	0.2	0.4000000000000001	0.1788854381999832	[1.0, 0.0, 0.0, 0.0, 0.0]
33	541.43298	145	126.0	15.709869509324385	7.025667228100118	[135.0, 140.0, 97.0, 136.0, 122.0]
34	541.43312	156.0	0.6	0.7999999999999999	0.3577708763999663	[0.0, 1.0, 2.0, 0.0, 0.0]
35	541.43298	145	113.8	12.671227249165726	5.666745097496445	[127.0, 97.0, 130.0, 106.0, 109.0]
36	541.43312	157.0	0.8	1.1661903789690602	0.521536192416212	[0.0, 0.0, 3.0, 1.0, 0.0]
37	541.43298	145	116.4	11.200000000000001	5.008792269599529	[111.0, 135.0, 123.0, 104.0, 109.0]
38	541.43312	158.0	1.2	0.9797958971132712	0.43817804600413285	[1.0, 1.0, 1.0, 0.0, 3.0]
39	541.43298	145	118.2	11.651609330903607	5.210758102234261	[107.0, 132.0, 127.0, 102.0, 123.0]
40	541.43312	159.0	0.8	0.7483314773547883	0.3346640106136302	[0.0, 2.0, 1.0, 1.0, 0.0]
41	541.43298	145	105.4	32.73896760742464	14.641311416673028	[86.0, 170.0, 98.0, 82.0, 91.0]
42	541.43312	160.0	0.8	0.7483314773547883	0.3346640106136302	[0.0, 1.0, 1.0, 0.0, 2.0]
43	541.43298	145	100.8	7.95989949685296	3.559775273805918	[107.0, 89.0, 111.0, 102.0, 95.0]
44	541.43312	161.0	0.0	0.0	0.0	[0.0, 0.0, 0.0, 0.0, 0.0]
45	541.43298	145	109.2	19.27070315271345	8.618120444737356	[122.0, 97.0, 95.0, 91.0, 141.0]
46	541.43312	162.0	0.0	0.0	0.0	[0.0, 0.0, 0.0, 0.0, 0.0]
47	541.43298	145	92.4	13.77824371971987	6.161817913570637	[84.0, 103.0, 112.0, 90.0, 73.0]
48	541.43312	163.0	0.0	0.0	0.0	[0.0, 0.0, 0.0, 0.0, 0.0]
49	541.43298	145	93.6	3.3823069050575527	1.512613632095123	[96.0, 99.0, 90.0, 91.0, 92.0]
50	541.43312	164.0	0.0	0.0	0.0	[0.0, 0.0, 0.0, 0.0, 0.0]
51	541.43298	145	103.0	7.720103626247513	3.4525353003264136	[108.0, 111.0, 106.0, 89.0, 101.0]
52	541.43312	165.0	0.0	0.0	0.0	[0.0, 0.0, 0.0, 0.0, 0.0]
53	541.43298	145	94.6	14.77294825009551	6.606663303060024	[72.0, 114.0, 107.0, 92.0, 88.0]
54	541.43312	166.0	0.0	0.0	0.0	[0.0, 0.0, 0.0, 0.0, 0.0]
55	541.43298	145	98.4	18.68261223705079	8.355118191862996	[106.0, 79.0, 131.0, 84.0, 92.0]
56	541.43312	167.0	0.0	0.0	0.0	[0.0, 0.0, 0.0, 0.0, 0.0]
57	541.43298	145	102.0	10.620734437881403	4.749736834815167	[86.0, 101.0, 105.0, 119.0, 99.0]
58	541.43312	168.0	0.0	0.0	0.0	[0.0, 0.0, 0.0, 0.0, 0.0]
59	541.43298	145	98.6	15.640971836813721	6.994855252255046	[89.0, 84.0, 126.0, 88.0, 106.0]
60	541.43312	169.0	0.0	0.0	0.0	[0.0, 0.0, 0.0, 0.0, 0.0]
61	541.43298	145	107.2	12.056533498481228	5.391845695121476	[108.0, 116.0, 117.0, 84.0, 111.0]
62	541.43312	170.0	0.0	0.0	0.0	[0.0, 0.0, 0.0, 0.0, 0.0]
63	541.43298	145	116.0	15.401298646542765	6.887670143089025	[120.0, 141.0, 95.0, 106.0, 118.0]
64	541.43312	171.0	0.0	0.0	0.0	[0.0, 0.0, 0.0, 0.0, 0.0]
65	541.43298	145	106.8	18.126224096595518	8.106293851076458	[117.0, 128.0, 96.0, 77.0, 116.0]
66	541.43312	172.0	0.0	0.0	0.0	[0.0, 0.0, 0.0, 0.0, 0.0]
67	541.43298	145	117.0	13.175735273600482	5.892367945062493	[109.0, 124.0, 96.0, 134.0, 122.0]
68	541.43312	173.0	0.2	0.4	0.17888543819998318	[0.0, 0.0, 0.0, 1.0, 0.0]
69	541.43298	145	120.0	16.57709262808168	7.4135011971402545	[138.0, 125.0, 120.0, 89.0, 128.0]
70	541.43312	174.0	0.0	0.0	0.0	[0.0, 0.0, 0.0, 0.0, 0.0]
71	541.43298	145	132.4	31.771685507696947	14.208729710991058	[101.0, 166.0, 167.0, 91.0, 137.0]
72	541.43312	175.0	0.4	0.8000000000000002	0.3577708763999664	[0.0, 0.0, 2.0, 0.0, 0.0]
73	541.43298	145	132.4	19.06410239166796	8.525725775557175	[98.0, 134.0, 156.0, 133.0, 141.0]
74	541.43312	176.0	0.2	0.4000000000000001	0.1788854381999832	[1.0, 0.0, 0.0, 0.0, 0.0]
75	541.43298	145	110.8	15.458331087151679	6.913175825913876	[102.0, 120.0, 135.0, 90.0, 107.0]
76	541.43312	177.0	0.0	0.0	0.0	[0.0, 0.0, 0.0, 0.0, 0.0]
77	541.43298	145	89.6	13.124023773218335	5.869241859047896	[85.0, 99.0, 74.0, 110.0, 80.0]
78	541.43312	178.0	0.0	0.0	0.0	[0.0, 0.0, 0.0, 0.0, 0.0]
79	541.43298	145	98.6	14.974645237867906	6.696864938163229	[123.0, 81.0, 86.0, 97.0, 106.0]
80	541.43312	179.0	0.0	0.0	0.0	[0.0, 0.0, 0.0, 0.0, 0.0]
81	541.43298	145	102.4	20.529003872570144	9.180849633884653	[81.0, 114.0, 127.0, 115.0, 75.0]
82	541.43312	180.0	0.0	0.0	0.0	[0.0, 0.0, 0.0, 0.0, 0.0]
83	541.43298	145	116.4	24.8	11.090897168398957	[76.0, 143.0, 101.0, 137.0, 125.0]
84	541.4331400000001	140.0	0.0	0.0	0.0	[0.0, 0.0, 0.0, 0.0, 0.0]
85	541.43298	145	108.2	14.931845163944073	6.677724163216087	[89.0, 130.0, 118.0, 95.0, 109.0]
86	541.4331400000001	141.0	0.0	0.0	0.0	[0.0, 0.0, 0.0, 0.0, 0.0]
87	541.43298	145	135.8	17.971087891388212	8.03691483095348	[121.0, 159.0, 110.0, 140.0, 149.0]
88	541.4331400000001	142.0	1.6	0.8	0.35777087639996635	[2.0, 1.0, 3.0, 1.0, 1.0]
89	541.43298	145	110.8	20.013995103427003	8.950530710522143	[115.0, 122.0, 86.0, 140.0, 91.0]
90	541.4331400000001	143.0	0.6	0.8	0.35777087639996635	[0.0, 0.0, 0.0, 1.0, 2.0]
91	541.43298	145	112.2	9.173875952943773	4.102682049586587	[127.0, 111.0, 117.0, 105.0, 101.0]
92	541.4331400000001	144.0	0.6	0.7999999999999999	0.3577708763999663	[0.0, 1.0, 0.0, 2.0, 0.0]
93	541.43298	145	108.8	18.74459922217597	8.38283961435503	[103.0, 127.0, 85.0, 134.0, 95.0]
94	541.4331400000001	145.0	0.0	0.0	0.0	[0.0, 0.0, 0.0, 0.0, 0.0]
95	541.43298	145	103.8	17.03408347989407	7.617873719089862	[84.0, 135.0, 105.0, 99.0, 96.0]
96	541.4331400000001	146.0	0.6	0.7999999999999999	0.3577708763999663	[2.0, 0.0, 1.0, 0.0, 0.0]
97	541.43298	145	91.4	11.62067123706716	5.196922166051749	[94.0, 90.0, 100.0, 70.0, 103.0]
98	541.4331400000001	147.0	1.8	0.9797958971132713	0.4381780460041329	[2.0, 2.0, 3.0, 2.0, 0.0]
99	541.43298	145	96.4	16.596385148579795	7.422129074598473	[116.0, 85.0, 106.0, 70.0, 105.0]
100	541.4331400000001	148.0	1.6	0.8	0.35777087639996635	[3.0, 1.0, 1.0, 2.0, 1.0]
101	541.43298	145	98.6	21.67579294974004	9.693709300365882	[125.0, 62.0, 115.0, 92.0, 99.0]
102	541.4331400000001	149.0	1.4	0.8	0.35777087639996635	[1.0, 2.0, 2.0, 2.0, 0.0]
103	541.43298	145	100.6	22.826300620118015	10.208231972285896	[88.0, 133.0, 65.0, 110.0, 107.0]
104	541.4331400000001	150.0	1.4	0.4898979485566356	0.21908902300206642	[1.0, 2.0, 2.0, 1.0, 1.0]
105	541.43298	145	96.8	9.987992791347018	4.466766168045961	[115.0, 100.0, 90.0, 88.0, 91.0]
106	541.4331400000001	151.0	1.0	0.8944271909999159	0.39999999999999997	[0.0, 2.0, 0.0, 2.0, 1.0]
107	541.43298	145	103.0	14.324803663575986	6.406246951218787	[91.0, 129.0, 94.0, 108.0, 93.0]
108	541.4331400000001	152.0	1.0	0.8944271909999159	0.39999999999999997	[1.0, 0.0, 2.0, 2.0, 0.0]
109	541.43298	145	112.8	20.350921355064003	9.10120871093505	[89.0, 138.0, 135.0, 94.0, 108.0]
110	541.4331400000001	153.0	0.6	0.7999999999999999	0.3577708763999663	[0.0, 2.0, 1.0, 0.0, 0.0]
111	541.43298	145	101.8	10.979981785048643	4.91039713261565	[114.0, 111.0, 103.0, 83.0, 98.0]
112	541.4331400000001	154.0	0.4	0.48989794855663565	0.21908902300206645	[0.0, 0.0, 1.0, 1.0, 0.0]
113	541.43298	145	103.0	21.118712081942874	9.444575162494075	[132.0, 91.0, 83.0, 84.0, 125.0]
114	541.4331400000001	155.0	0.0	0.0	0.0	[0.0, 0.0, 0.0, 0.0, 0.0]
115	541.43298	145	105.4	15.278743403827423	6.832861772346927	[107.0, 122.0, 86.0, 90.0, 122.0]
116	541.4331400000001	156.0	0.6	0.7999999999999999	0.3577708763999663	[0.0, 1.0, 0.0, 0.0, 2.0]
117	541.43298	145	89.0	11.313708498984761	5.059644256269407	[106.0, 92.0, 75.0, 94.0, 78.0]
118	541.4331400000001	157.0	0.0	0.0	0.0	[0.0, 0.0, 0.0, 0.0, 0.0]
119	541.43298	145	99.6	19.845402490249473	8.875133801808285	[130.0, 79.0, 112.0, 78.0, 99.0]
120	541.4331400000001	158.0	0.0	0.0	0.0	[0.0, 0.0, 0.0, 0.0, 0.0]
121	541.43298	145	79.0	17.26267650163207	7.7201036262475125	[75.0, 66.0, 113.0, 69.0, 72.0]
122	541.4331400000001	159.0	0.0	0.0	0.0	[0.0, 0.0, 0.0, 0.0, 0.0]
123	541.43298	145	70.8	11.7881296226331	5.271811832757311	[66.0, 80.0, 87.0, 53.0, 68.0]
124	541.4331400000001	160.0	0.2	0.4000000000000001	0.1788854381999832	[0.0, 0.0, 1.0, 0.0, 0.0]
125	541.43298	145	74.4	8.845337754998393	3.9557553008243573	[67.0, 84.0, 61.0, 79.0, 81.0]
126	541.4331400000001	161.0	0.2	0.4000000000000001	0.1788854381999832	[0.0, 0.0, 1.0, 0.0, 0.0]
127	541.43298	145	80.4	11.377170122662314	5.08802515717051	[75.0, 67.0, 101.0, 77.0, 82.0]
128	541.4331400000001	162.0	0.2	0.4000000000000001	0.1788854381999832	[1.0, 0.0, 0.0, 0.0, 0.0]
129	541.43298	145	85.2	24.806450773941847	11.093782042207247	[80.0, 119.0, 69.0, 107.0, 51.0]
130	541.4331400000001	163.0	0.2	0.4000000000000001	0.1788854381999832	[0.0, 1.0, 0.0, 0.0, 0.0]
131	541.43298	145	89.6	12.955307792561317	5.79378977871997	[91.0, 75.0, 113.0, 88.0, 81.0]
132	541.4331400000001	164.0	0.0	0.0	0.0	[0.0, 0.0, 0.0, 0.0, 0.0]
133	541.43298	145	94.8	15.210522673465235	6.80235253423402	[95.0, 93.0, 80.0, 123.0, 83.0]
134	541.4331400000001	165.0	0.0	0.0	0.0	[0.0, 0.0, 0.0, 0.0, 0.0]
135	541.43298	145	83.6	9.00222194794152	4.025916044827562	[74.0, 90.0, 83.0, 97.0, 74.0]
136	541.4331400000001	166.0	0.0	0.0	0.0	[0.0, 0.0, 0.0, 0.0, 0.0]
137	541.43298	145	75.4	11.359577456930342	5.080157477874087	[70.0, 64.0, 87.0, 65.0, 91.0]
138	541.4331400000001	167.0	0.2	0.4000000000000001	0.1788854381999832	[0.0, 0.0, 1.0, 0.0, 0.0]
139	541.43298	145	78.0	9.979979959899719	4.463182720884279	[62.0, 77.0, 84.0, 75.0, 92.0]
140	541.4331400000001	168.0	0.0	0.0	0.0	[0.0, 0.0, 0.0, 0.0, 0.0]
141	541.43298	145	84.0	9.38083151964686	4.1952353926806065	[97.0, 81.0, 90.0, 83.0, 69.0]
142	541.4331400000001	169.0	0.0	0.0	0.0	[0.0, 0.0, 0.0, 0.0, 0.0]
143	541.43298	145	86.4	7.002856560004638	3.131772660970141	[81.0, 98.0, 82.0, 80.0, 91.0]
144	541.4331400000001	170.0	0.0	0.0	0.0	[0.0, 0.0, 0.0, 0.0, 0.0]
145	541.43298	145	73.6	11.146299834474219	4.984776825495801	[79.0, 81.0, 52.0, 82.0, 74.0]
146	541.4331400000001	171.0	0.0	0.0	0.0	[0.0, 0.0, 0.0, 0.0, 0.0]
147	541.43298	145	83.2	5.230678732248808	2.3392306427541514	[87.0, 85.0, 84.0, 73.0, 87.0]
148	541.4331400000001	172.0	0.0	0.0	0.0	[0.0, 0.0, 0.0, 0.0, 0.0]
149	541.43298	145	77.4	6.343500610861482	2.8368997162395426	[74.0, 77.0, 70.0, 89.0, 77.0]
150	541.4331400000001	173.0	0.0	0.0	0.0	[0.0, 0.0, 0.0, 0.0, 0.0]
151	541.43298	145	79.2	8.084553172563094	3.615522092312533	[86.0, 77.0, 72.0, 91.0, 70.0]
152	541.4331400000001	174.0	0.0	0.0	0.0	[0.0, 0.0, 0.0, 0.0, 0.0]
153	541.43298	145	62.6	13.124023773218335	5.869241859047896	[44.0, 75.0, 62.0, 79.0, 53.0]
154	541.4331400000001	175.0	0.0	0.0	0.0	[0.0, 0.0, 0.0, 0.0, 0.0]
155	541.43298	145	74.2	6.8527366796047255	3.0646370095004722	[85.0, 67.0, 67.0, 74.0, 78.0]
156	541.4331400000001	176.0	0.0	0.0	0.0	[0.0, 0.0, 0.0, 0.0, 0.0]
157	541.43298	145	64.6	12.009995836801941	5.371033420115722	[61.0, 71.0, 44.0, 80.0, 67.0]
158	541.4331400000001	177.0	0.0	0.0	0.0	[0.0, 0.0, 0.0, 0.0, 0.0]
159	541.43298	145	71.6	15.107613974417005	6.7563303649244375	[68.0, 77.0, 44.0, 86.0, 83.0]
160	541.4331400000001	178.0	0.0	0.0	0.0	[0.0, 0.0, 0.0, 0.0, 0.0]
161	541.43298	145	71.6	8.890444308357148	3.9759275647325367	[69.0, 61.0, 83.0, 64.0, 81.0]
162	541.4331400000001	179.0	0.0	0.0	0.0	[0.0, 0.0, 0.0, 0.0, 0.0]
163	541.43298	145	70.6	12.240914998479484	5.474303608679372	[80.0, 85.0, 63.0, 51.0, 74.0]
164	541.4331400000001	180.0	0.0	0.0	0.0	[0.0, 0.0, 0.0, 0.0, 0.0]
165	541.43298	145	68.2	9.064215354899728	4.053640339250634	[63.0, 78.0, 74.0, 73.0, 53.0]
166	541.43316	140.0	0.0	0.0	0.0	[0.0, 0.0, 0.0, 0.0, 0.0]
167	541.43298	145	57.2	6.144916598294887	2.7480902459708267	[59.0, 49.0, 51.0, 64.0, 63.0]
168	541.43316	141.0	0.2	0.4	0.17888543819998318	[0.0, 0.0, 0.0, 0.0, 1.0]
169	541.43298	145	41.4	5.9194594347794975	2.6472627372438877	[42.0, 46.0, 43.0, 30.0, 46.0]
170	541.43316	142.0	2.2	1.469693845669907	0.6572670690061994	[1.0, 0.0, 4.0, 3.0, 3.0]
171	541.43298	145	42.4	8.404760555780278	3.758723187466723	[42.0, 55.0, 47.0, 38.0, 30.0]
172	541.43316	143.0	1.0	0.8944271909999159	0.39999999999999997	[1.0, 0.0, 0.0, 2.0, 2.0]
173	541.43298	145	45.6	6.770524351924303	3.02787053884409	[56.0, 41.0, 51.0, 38.0, 42.0]
174	541.43316	144.0	0.0	0.0	0.0	[0.0, 0.0, 0.0, 0.0, 0.0]
175	541.43298	145	43.4	4.586937976471886	2.0513410247932935	[39.0, 52.0, 41.0, 44.0, 41.0]
176	541.43316	145.0	0.0	0.0	0.0	[0.0, 0.0, 0.0, 0.0, 0.0]
177	541.43298	145	45.0	6.356099432828281	2.842534080710379	[41.0, 53.0, 52.0, 42.0, 37.0]
178	541.43316	146.0	1.2	0.4000000000000001	0.1788854381999832	[2.0, 1.0, 1.0, 1.0, 1.0]
179	541.43298	145	37.6	10.26839812239475	4.592167244341173	[53.0, 29.0, 45.0, 25.0, 36.0]
180	541.43316	147.0	1.0	0.6324555320336759	0.282842712474619	[1.0, 1.0, 0.0, 1.0, 2.0]
181	541.43298	145	51.2	7.934733769950949	3.5485208185947	[52.0, 45.0, 57.0, 62.0, 40.0]
182	541.43316	148.0	1.2	0.7483314773547883	0.3346640106136302	[0.0, 1.0, 2.0, 2.0, 1.0]
183	541.43298	145	45.8	7.025667228100119	3.141973901864877	[37.0, 53.0, 53.0, 38.0, 48.0]
184	541.43316	149.0	1.4	1.3564659966250538	0.6066300355241241	[3.0, 1.0, 0.0, 3.0, 0.0]
185	541.43298	145	44.6	10.384603988597735	4.644136087583997	[52.0, 28.0, 57.0, 48.0, 38.0]
186	541.43316	150.0	0.2	0.4	0.17888543819998318	[0.0, 0.0, 0.0, 0.0, 1.0]
187	541.43298	145	45.2	10.166612021711067	4.546647116282503	[51.0, 32.0, 49.0, 35.0, 59.0]
188	541.43316	151.0	1.0	1.0954451150103321	0.48989794855663554	[0.0, 0.0, 1.0, 1.0, 3.0]
189	541.43298	145	45.4	3.97994974842648	1.779887636902959	[44.0, 50.0, 43.0, 40.0, 50.0]
190	541.43316	152.0	1.2	1.16619037896906	0.5215361924162119	[0.0, 3.0, 1.0, 2.0, 0.0]
191	541.43298	145	47.0	5.89915248150105	2.638181191654583	[39.0, 57.0, 48.0, 47.0, 44.0]
192	541.43316	153.0	0.6	0.48989794855663565	0.21908902300206645	[1.0, 1.0, 1.0, 0.0, 0.0]
193	541.43298	145	44.4	8.309031231136396	3.7159117319979496	[49.0, 50.0, 28.0, 46.0, 49.0]
194	541.43316	154.0	0.2	0.4	0.17888543819998318	[0.0, 0.0, 0.0, 1.0, 0.0]
195	541.43298	145	38.8	7.4404300950953095	3.3274614948936674	[46.0, 36.0, 26.0, 46.0, 40.0]
196	541.43316	155.0	0.2	0.4000000000000001	0.1788854381999832	[1.0, 0.0, 0.0, 0.0, 0.0]
197	541.43298	145	43.2	10.457533169921097	4.676751008980486	[27.0, 58.0, 50.0, 39.0, 42.0]
198	541.43316	156.0	0.4	0.8000000000000002	0.3577708763999664	[2.0, 0.0, 0.0, 0.0, 0.0]
199	541.43298	145	42.8	7.110555533852471	3.1799371062962862	[51.0, 45.0, 36.0, 49.0, 33.0]
200	541.43316	157.0	0.2	0.4	0.17888543819998318	[0.0, 0.0, 0.0, 0.0, 1.0]
201	541.43298	145	44.2	4.707440918375928	2.105231578710523	[38.0, 48.0, 39.0, 49.0, 47.0]
202	541.43316	158.0	0.2	0.4000000000000001	0.1788854381999832	[0.0, 0.0, 1.0, 0.0, 0.0]
203	541.43298	145	40.4	6.053098380168622	2.707027890510181	[37.0, 42.0, 43.0, 31.0, 49.0]
204	541.43316	159.0	0.0	0.0	0.0	[0.0, 0.0, 0.0, 0.0, 0.0]
205	541.43298	145	34.8	8.034923770640267	3.593327149036113	[36.0, 22.0, 43.0, 30.0, 43.0]
206	541.43316	160.0	0.0	0.0	0.0	[0.0, 0.0, 0.0, 0.0, 0.0]
207	541.43298	145	39.0	4.147288270665544	1.8547236990991405	[32.0, 41.0, 41.0, 37.0, 44.0]
208	541.43316	161.0	0.0	0.0	0.0	[0.0, 0.0, 0.0, 0.0, 0.0]
209	541.43298	145	32.4	5.083306010855534	2.2733235581412514	[31.0, 36.0, 36.0, 23.0, 36.0]
210	541.43316	162.0	0.2	0.4000000000000001	0.1788854381999832	[0.0, 1.0, 0.0, 0.0, 0.0]
211	541.43298	145	29.8	4.4	1.967739820199815	[24.0, 33.0, 30.0, 26.0, 36.0]
212	541.43316	163.0	0.0	0.0	0.0	[0.0, 0.0, 0.0, 0.0, 0.0]
213	541.43298	145	32.2	3.54400902933387	1.5849290204927158	[27.0, 29.0, 34.0, 35.0, 36.0]
214	541.43316	164.0	0.0	0.0	0.0	[0.0, 0.0, 0.0, 0.0, 0.0]
215	541.43298	145	38.0	4.8166378315169185	2.1540659228538015	[39.0, 37.0, 46.0, 37.0, 31.0]
216	541.43316	165.0	0.0	0.0	0.0	[0.0, 0.0, 0.0, 0.0, 0.0]
217	541.43298	145	22.8	5.706137047074843	2.551862065237853	[18.0, 25.0, 18.0, 20.0, 33.0]
218	541.43316	166.0	0.0	0.0	0.0	[0.0, 0.0, 0.0, 0.0, 0.0]
219	541.43298	145	32.4	7.7356318423254855	3.459479729670344	[29.0, 43.0, 23.0, 40.0, 27.0]
220	541.43316	167.0	0.0	0.0	0.0	[0.0, 0.0, 0.0, 0.0, 0.0]
221	541.43298	145	35.4	4.586937976471886	2.0513410247932935	[40.0, 32.0, 35.0, 41.0, 29.0]
222	541.43316	168.0	0.0	0.0	0.0	[0.0, 0.0, 0.0, 0.0, 0.0]
223	541.43298	145	27.0	3.521363372331802	1.574801574802362	[29.0, 24.0, 24.0, 33.0, 25.0]
224	541.43316	169.0	0.0	0.0	0.0	[0.0, 0.0, 0.0, 0.0, 0.0]
225	541.43298	145	25.6	1.8547236990991407	0.8294576541331088	[24.0, 23.0, 28.0, 26.0, 27.0]
226	541.43316	170.0	0.0	0.0	0.0	[0.0, 0.0, 0.0, 0.0, 0.0]
227	541.43298	145	26.2	5.2687759489277965	2.3562682360037024	[29.0, 24.0, 29.0, 32.0, 17.0]
228	541.43316	171.0	0.0	0.0	0.0	[0.0, 0.0, 0.0, 0.0, 0.0]
229	541.43298	145	26.4	3.32264954516723	1.4859340496805369	[21.0, 28.0, 31.0, 25.0, 27.0]
230	541.43316	172.0	0.0	0.0	0.0	[0.0, 0.0, 0.0, 0.0, 0.0]
231	541.43298	145	26.0	7.848566748139434	3.509985754956849	[33.0, 11.0, 29.0, 31.0, 26.0]
232	541.43316	173.0	0.0	0.0	0.0	[0.0, 0.0, 0.0, 0.0, 0.0]
233	541.43298	145	23.2	9.064215354899728	4.053640339250634	[20.0, 41.0, 16.0, 18.0, 21.0]
234	541.43316	174.0	0.0	0.0	0.0	[0.0, 0.0, 0.0, 0.0, 0.0]
235	541.43298	145	20.8	4.261455150532504	1.9057806799314554	[15.0, 24.0, 20.0, 27.0, 18.0]
236	541.43316	175.0	0.0	0.0	0.0	[0.0, 0.0, 0.0, 0.0, 0.0]
237	541.43298	145	22.2	6.823488843692792	3.051556979641704	[20.0, 32.0, 20.0, 12.0, 27.0]
238	541.43316	176.0	0.2	0.4	0.17888543819998318	[0.0, 0.0, 0.0, 1.0, 0.0]
239	541.43298	145	27.6	2.8705400188814645	1.283744522870497	[24.0, 25.0, 32.0, 28.0, 29.0]
240	541.43316	177.0	0.0	0.0	0.0	[0.0, 0.0, 0.0, 0.0, 0.0]
241	541.43298	145	28.6	2.4979991993593593	1.1171392035015153	[26.0, 32.0, 26.0, 28.0, 31.0]
242	541.43316	178.0	0.0	0.0	0.0	[0.0, 0.0, 0.0, 0.0, 0.0]
243	541.43298	145	27.8	6.305553108173779	2.819929077122331	[31.0, 31.0, 19.0, 36.0, 22.0]
244	541.43316	179.0	0.0	0.0	0.0	[0.0, 0.0, 0.0, 0.0, 0.0]
245	541.43298	145	29.2	8.681013765684282	3.882267378736297	[15.0, 37.0, 30.0, 25.0, 39.0]
246	541.43316	180.0	0.0	0.0	0.0	[0.0, 0.0, 0.0, 0.0, 0.0]
247	541.43298	145	26.0	5.403702434442518	2.416609194718914	[19.0, 34.0, 25.0, 30.0, 22.0]
248	541.43318	140.0	0.0	0.0	0.0	[0.0, 0.0, 0.0, 0.0, 0.0]
249	541.43298	145	24.6	6.887670143089026	3.080259729308553	[16.0, 31.0, 23.0, 19.0, 34.0]
250	541.43318	141.0	0.0	0.0	0.0	[0.0, 0.0, 0.0, 0.0, 0.0]
251	541.43298	145	26.0	6.099180272790763	2.727636339397171	[36.0, 29.0, 24.0, 18.0, 23.0]
252	541.43318	142.0	2.4	1.019803902718557	0.4560701700396552	[4.0, 3.0, 2.0, 1.0, 2.0]
253	541.43298	145	27.0	5.366563145999495	2.4	[30.0, 30.0, 24.0, 33.0, 18.0]
254	541.43318	143.0	1.4	1.4966629547095764	0.6693280212272603	[4.0, 1.0, 2.0, 0.0, 0.0]
255	541.43298	145	30.4	12.799999999999999	5.724334022399461	[20.0, 54.0, 18.0, 30.0, 30.0]
256	541.43318	144.0	0.2	0.4000000000000001	0.1788854381999832	[0.0, 0.0, 1.0, 0.0, 0.0]
257	541.43298	145	27.4	5.9531504264548865	2.6623298067669974	[21.0, 20.0, 32.0, 35.0, 29.0]
258	541.43318	145.0	0.2	0.4	0.17888543819998318	[0.0, 0.0, 0.0, 0.0, 1.0]
259	541.43298	145	28.2	3.124099870362662	1.3971399357258385	[29.0, 26.0, 26.0, 34.0, 26.0]
260	541.43318	146.0	0.0	0.0	0.0	[0.0, 0.0, 0.0, 0.0, 0.0]
261	541.43298	145	27.0	1.6733200530681511	0.7483314773547882	[28.0, 27.0, 29.0, 24.0, 27.0]
262	541.43318	147.0	1.0	1.2649110640673518	0.565685424949238	[0.0, 3.0, 0.0, 0.0, 2.0]
263	541.43298	145	20.2	9.867117106835208	4.412708918566915	[12.0, 37.0, 10.0, 25.0, 17.0]
264	541.43318	148.0	0.8	0.7483314773547883	0.3346640106136302	[0.0, 0.0, 1.0, 1.0, 2.0]
265	541.43298	145	19.4	2.3323807579381204	1.043072384832424	[19.0, 18.0, 18.0, 24.0, 18.0]
266	541.43318	149.0	0.8	0.9797958971132713	0.4381780460041329	[0.0, 2.0, 0.0, 2.0, 0.0]
267	541.43298	145	22.6	4.63033476111609	2.070748656887165	[15.0, 29.0, 25.0, 21.0, 23.0]
268	541.43318	150.0	1.0	0.8944271909999159	0.39999999999999997	[1.0, 2.0, 0.0, 0.0, 2.0]
269	541.43298	145	28.0	6.099180272790763	2.727636339397171	[34.0, 31.0, 33.0, 18.0, 24.0]
270	541.43318	151.0	0.6	0.7999999999999999	0.3577708763999663	[0.0, 0.0, 2.0, 0.0, 1.0]
271	541.43298	145	28.4	7.939773296511683	3.5507745633875434	[17.0, 33.0, 40.0, 23.0, 29.0]
272	541.43318	152.0	0.8	0.7483314773547883	0.3346640106136302	[2.0, 1.0, 1.0, 0.0, 0.0]
273	541.43298	145	31.0	4.1952353926806065	1.876166303929372	[34.0, 32.0, 24.0, 29.0, 36.0]
274	541.43318	153.0	0.6	1.2000000000000002	0.5366563145999496	[3.0, 0.0, 0.0, 0.0, 0.0]
275	541.43298	145	28.0	6.603029607687671	2.95296461204668	[23.0, 24.0, 26.0, 26.0, 41.0]
276	541.43318	154.0	0.2	0.4000000000000001	0.1788854381999832	[1.0, 0.0, 0.0, 0.0, 0.0]
277	541.43298	145	27.6	4.758150901348127	2.1279097725232616	[28.0, 22.0, 35.0, 23.0, 30.0]
278	541.43318	155.0	0.0	0.0	0.0	[0.0, 0.0, 0.0, 0.0, 0.0]
279	541.43298	145	26.2	2.9257477676655586	1.30843417870369	[22.0, 25.0, 31.0, 27.0, 26.0]
280	541.43318	156.0	0.4	0.48989794855663565	0.21908902300206645	[1.0, 0.0, 1.0, 0.0, 0.0]
281	541.43298	145	34.2	6.734983296193095	3.0119760955226718	[35.0, 29.0, 47.0, 30.0, 30.0]
282	541.43318	157.0	0.0	0.0	0.0	[0.0, 0.0, 0.0, 0.0, 0.0]
283	541.43298	145	23.6	5.0039984012787215	2.2378561169118982	[26.0, 21.0, 28.0, 15.0, 28.0]
284	541.43318	158.0	0.2	0.4	0.17888543819998318	[0.0, 0.0, 0.0, 1.0, 0.0]
285	541.43298	145	24.4	5.388877434122992	2.4099792530227306	[28.0, 30.0, 27.0, 22.0, 15.0]
286	541.43318	159.0	0.0	0.0	0.0	[0.0, 0.0, 0.0, 0.0, 0.0]
287	541.43298	145	28.8	6.305553108173779	2.819929077122331	[41.0, 24.0, 24.0, 27.0, 28.0]
288	541.43318	160.0	0.2	0.4000000000000001	0.1788854381999832	[0.0, 0.0, 1.0, 0.0, 0.0]
289	541.43298	145	29.8	8.885943956609225	3.9739149462463335	[40.0, 27.0, 39.0, 27.0, 16.0]
290	541.43318	161.0	0.0	0.0	0.0	[0.0, 0.0, 0.0, 0.0, 0.0]
291	541.43298	145	21.2	3.249615361854384	1.4532721699667959	[23.0, 16.0, 19.0, 25.0, 23.0]
292	541.43318	162.0	0.0	0.0	0.0	[0.0, 0.0, 0.0, 0.0, 0.0]
293	541.43298	145	27.4	3.878143885933063	1.7343586710943037	[21.0, 27.0, 33.0, 27.0, 29.0]
294	541.43318	163.0	0.0	0.0	0.0	[0.0, 0.0, 0.0, 0.0, 0.0]
295	541.43298	145	38.2	6.615134163416491	2.958377933936095	[42.0, 30.0, 41.0, 47.0, 31.0]
296	541.43318	164.0	0.0	0.0	0.0	[0.0, 0.0, 0.0, 0.0, 0.0]
297	541.43298	145	32.4	7.418894796396563	3.317830616532435	[20.0, 31.0, 41.0, 39.0, 31.0]
298	541.43318	165.0	0.0	0.0	0.0	[0.0, 0.0, 0.0, 0.0, 0.0]
299	541.43298	145	37.6	9.2	4.114365078599612	[47.0, 28.0, 45.0, 43.0, 25.0]
300	541.43318	166.0	0.0	0.0	0.0	[0.0, 0.0, 0.0, 0.0, 0.0]
301	541.43298	145	32.2	5.2687759489277965	2.3562682360037024	[26.0, 41.0, 35.0, 30.0, 29.0]
302	541.43318	167.0	0.0	0.0	0.0	[0.0, 0.0, 0.0, 0.0, 0.0]
303	541.43298	145	32.2	7.413501197140255	3.315418525616336	[28.0, 25.0, 36.0, 45.0, 27.0]
304	541.43318	168.0	0.2	0.4	0.17888543819998318	[0.0, 0.0, 0.0, 1.0, 0.0]
305	541.43298	145	30.0	7.563068160475615	3.3823069050575527	[22.0, 29.0, 44.0, 25.0, 30.0]
306	541.43318	169.0	0.0	0.0	0.0	[0.0, 0.0, 0.0, 0.0, 0.0]
307	541.43298	145	24.8	2.7856776554368237	1.2457929201917948	[29.0, 24.0, 22.0, 22.0, 27.0]
308	541.43318	170.0	0.0	0.0	0.0	[0.0, 0.0, 0.0, 0.0, 0.0]
309	541.43298	145	25.2	5.74108003776293	2.5674890457409942	[20.0, 31.0, 31.0, 17.0, 27.0]
310	541.43318	171.0	0.0	0.0	0.0	[0.0, 0.0, 0.0, 0.0, 0.0]
311	541.43298	145	30.8	3.1874754901018454	1.4254823744964369	[31.0, 31.0, 26.0, 36.0, 30.0]
312	541.43318	172.0	0.0	0.0	0.0	[0.0, 0.0, 0.0, 0.0, 0.0]
313	541.43298	145	30.0	2.756809750418044	1.232882800593795	[30.0, 32.0, 33.0, 25.0, 30.0]
314	541.43318	173.0	0.0	0.0	0.0	[0.0, 0.0, 0.0, 0.0, 0.0]
315	541.43298	145	27.6	5.571355310873648	2.49158584038359	[23.0, 31.0, 37.0, 24.0, 23.0]
316	541.43318	174.0	0.0	0.0	0.0	[0.0, 0.0, 0.0, 0.0, 0.0]
317	541.43298	145	27.8	6.177378084592201	2.7626074639731213	[19.0, 35.0, 34.0, 28.0, 23.0]
318	541.43318	175.0	0.0	0.0	0.0	[0.0, 0.0, 0.0, 0.0, 0.0]
319	541.43298	145	30.0	5.513619500836088	2.46576560118759	[20.0, 36.0, 30.0, 34.0, 30.0]
320	541.43318	176.0	0.0	0.0	0.0	[0.0, 0.0, 0.0, 0.0, 0.0]
321	541.43298	145	36.8	5.706137047074843	2.551862065237853	[28.0, 35.0, 42.0, 35.0, 44.0]
322	541.43318	177.0	0.0	0.0	0.0	[0.0, 0.0, 0.0, 0.0, 0.0]
323	541.43298	145	32.8	5.946427498927402	2.659323222175146	[25.0, 41.0, 36.0, 27.0, 35.0]
324	541.43318	178.0	0.0	0.0	0.0	[0.0, 0.0, 0.0, 0.0, 0.0]
325	541.43298	145	31.6	10.011992808627062	4.47749930206583	[21.0, 43.0, 44.0, 28.0, 22.0]
326	541.43318	179.0	0.0	0.0	0.0	[0.0, 0.0, 0.0, 0.0, 0.0]
327	541.43298	145	30.2	7.4404300950953095	3.3274614948936674	[19.0, 29.0, 41.0, 27.0, 35.0]
328	541.43318	180.0	0.0	0.0	0.0	[0.0, 0.0, 0.0, 0.0, 0.0]
329	541.43298	145	28.0	7.014271166700073	3.1368774282716245	[30.0, 39.0, 22.0, 19.0, 30.0]
330	541.4332	140.0	0.0	0.0	0.0	[0.0, 0.0, 0.0, 0.0, 0.0]
331	541.43298	145	32.4	6.343500610861482	2.8368997162395426	[34.0, 29.0, 40.0, 22.0, 37.0]
332	541.4332	141.0	0.0	0.0	0.0	[0.0, 0.0, 0.0, 0.0, 0.0]
333	541.43298	145	32.6	8.73155198117723	3.90486875579705	[20.0, 26.0, 41.0, 43.0, 33.0]
334	541.4332	142.0	3.4	1.019803902718557	0.4560701700396552	[5.0, 3.0, 4.0, 3.0, 2.0]
335	541.43298	145	38.8	7.678541528180987	3.4339481650135606	[38.0, 49.0, 31.0, 30.0, 46.0]
336	541.4332	143.0	1.4	1.3564659966250538	0.6066300355241241	[0.0, 3.0, 1.0, 3.0, 0.0]
337	541.43298	145	38.2	9.785703858180055	4.3762998069145125	[37.0, 46.0, 31.0, 52.0, 25.0]
338	541.4332	144.0	0.2	0.4	0.17888543819998318	[0.0, 0.0, 0.0, 1.0, 0.0]
339	541.43298	145	35.2	5.2687759489277965	2.3562682360037024	[32.0, 40.0, 43.0, 30.0, 31.0]
340	541.4332	145.0	0.4	0.48989794855663565	0.21908902300206645	[0.0, 0.0, 0.0, 1.0, 1.0]
341	541.43298	145	36.6	5.6780278266313555	2.5392912396966203	[36.0, 43.0, 32.0, 43.0, 29.0]
342	541.4332	146.0	0.4	0.8000000000000002	0.3577708763999664	[2.0, 0.0, 0.0, 0.0, 0.0]
343	541.43298	145	40.8	3.370459909270543	1.5073154945133416	[41.0, 47.0, 40.0, 39.0, 37.0]
344	541.4332	147.0	0.6	0.7999999999999999	0.3577708763999663	[0.0, 1.0, 2.0, 0.0, 0.0]
345	541.43298	145	39.0	6.356099432828281	2.842534080710379	[34.0, 44.0, 29.0, 45.0, 43.0]
346	541.4332	148.0	0.6	0.48989794855663565	0.21908902300206645	[0.0, 1.0, 0.0, 1.0, 1.0]
347	541.43298	145	42.2	6.615134163416491	2.958377933936095	[34.0, 45.0, 35.0, 51.0, 46.0]
348	541.4332	149.0	0.4	0.8	0.35777087639996635	[0.0, 0.0, 0.0, 0.0, 2.0]
349	541.43298	145	32.8	6.554387843269575	2.9312113536898012	[30.0, 39.0, 28.0, 42.0, 25.0]
350	541.4332	150.0	1.4	1.019803902718557	0.4560701700396552	[3.0, 2.0, 1.0, 1.0, 0.0]
351	541.43298	145	34.8	8.97552226892675	4.013975585376673	[37.0, 30.0, 20.0, 45.0, 42.0]
352	541.4332	151.0	0.6	1.2	0.5366563145999494	[0.0, 0.0, 0.0, 0.0, 3.0]
353	541.43298	145	31.8	7.934733769950949	3.5485208185947	[26.0, 42.0, 41.0, 25.0, 25.0]
354	541.4332	152.0	0.6	0.48989794855663565	0.21908902300206645	[0.0, 0.0, 1.0, 1.0, 1.0]
355	541.43298	145	34.4	1.3564659966250536	0.606630035524124	[35.0, 36.0, 35.0, 34.0, 32.0]
356	541.4332	153.0	0.0	0.0	0.0	[0.0, 0.0, 0.0, 0.0, 0.0]
357	541.43298	145	43.8	5.528109984434101	2.472245942457991	[40.0, 35.0, 50.0, 48.0, 46.0]
358	541.4332	154.0	0.4	0.48989794855663565	0.21908902300206645	[1.0, 0.0, 1.0, 0.0, 0.0]
359	541.43298	145	48.4	7.445804187594514	3.3298648621227858	[46.0, 55.0, 46.0, 58.0, 37.0]
360	541.4332	155.0	0.2	0.4000000000000001	0.1788854381999832	[0.0, 1.0, 0.0, 0.0, 0.0]
361	541.43298	145	57.4	9.264987857520376	4.14342853202514	[73.0, 52.0, 50.0, 63.0, 49.0]
362	541.4332	156.0	0.2	0.4	0.17888543819998318	[0.0, 0.0, 0.0, 0.0, 1.0]
363	541.43298	145	48.0	12.149074038789951	5.4332310828824495	[51.0, 36.0, 66.0, 33.0, 54.0]
364	541.4332	157.0	0.0	0.0	0.0	[0.0, 0.0, 0.0, 0.0, 0.0]
365	541.43298	145	52.0	11.260550608207398	5.035871324805668	[44.0, 66.0, 46.0, 39.0, 65.0]
366	541.4332	158.0	0.4	0.48989794855663565	0.21908902300206645	[0.0, 0.0, 1.0, 1.0, 0.0]
367	541.43298	145	49.8	10.146920715172659	4.537840896285369	[68.0, 39.0, 53.0, 44.0, 45.0]
368	541.4332	159.0	0.0	0.0	0.0	[0.0, 0.0, 0.0, 0.0, 0.0]
369	541.43298	145	53.6	16.620469307453384	7.432899837882923	[38.0, 80.0, 39.0, 66.0, 45.0]
370	541.4332	160.0	0.2	0.4000000000000001	0.1788854381999832	[0.0, 1.0, 0.0, 0.0, 0.0]
371	541.43298	145	50.6	2.939387691339814	1.3145341380123987	[55.0, 52.0, 46.0, 50.0, 50.0]
372	541.4332	161.0	0.0	0.0	0.0	[0.0, 0.0, 0.0, 0.0, 0.0]
373	541.43298	145	58.0	5.291502622129181	2.3664319132398464	[58.0, 55.0, 59.0, 51.0, 67.0]
374	541.4332	162.0	0.0	0.0	0.0	[0.0, 0.0, 0.0, 0.0, 0.0]
375	541.43298	145	58.6	4.63033476111609	2.070748656887165	[63.0, 62.0, 52.0, 54.0, 62.0]
376	541.4332	163.0	0.4	0.48989794855663565	0.21908902300206645	[0.0, 1.0, 0.0, 0.0, 1.0]
377	541.43298	145	67.4	5.571355310873647	2.4915858403835895	[71.0, 72.0, 64.0, 58.0, 72.0]
378	541.4332	164.0	0.0	0.0	0.0	[0.0, 0.0, 0.0, 0.0, 0.0]
379	541.43298	145	62.8	13.717142559585799	6.134492644057861	[53.0, 53.0, 88.0, 53.0, 67.0]
380	541.4332	165.0	0.2	0.4	0.17888543819998318	[0.0, 0.0, 0.0, 1.0, 0.0]
381	541.43298	145	48.4	6.343500610861482	2.8368997162395426	[50.0, 42.0, 45.0, 60.0, 45.0]
382	541.4332	166.0	0.0	0.0	0.0	[0.0, 0.0, 0.0, 0.0, 0.0]
383	541.43298	145	49.6	5.122499389946279	2.2908513701242166	[56.0, 46.0, 54.0, 42.0, 50.0]
384	541.4332	167.0	0.0	0.0	0.0	[0.0, 0.0, 0.0, 0.0, 0.0]
385	541.43298	145	54.8	6.823488843692792	3.051556979641704	[54.0, 51.0, 59.0, 65.0, 45.0]
386	541.4332	168.0	0.0	0.0	0.0	[0.0, 0.0, 0.0, 0.0, 0.0]
387	541.43298	145	56.2	7.934733769950949	3.5485208185947	[65.0, 47.0, 54.0, 66.0, 49.0]
388	541.4332	169.0	0.0	0.0	0.0	[0.0, 0.0, 0.0, 0.0, 0.0]
389	541.43298	145	50.0	9.011104260855047	4.029888335921976	[41.0, 48.0, 60.0, 61.0, 40.0]
390	541.4332	170.0	0.0	0.0	0.0	[0.0, 0.0, 0.0, 0.0, 0.0]
391	541.43298	145	45.6	11.48216007552586	5.1349780914819885	[49.0, 37.0, 51.0, 29.0, 62.0]
392	541.4332	171.0	0.0	0.0	0.0	[0.0, 0.0, 0.0, 0.0, 0.0]
393	541.43298	145	51.6	5.71314274283428	2.5549951076274096	[48.0, 49.0, 61.0, 45.0, 55.0]
394	541.4332	172.0	0.0	0.0	0.0	[0.0, 0.0, 0.0, 0.0, 0.0]
395	541.43298	145	52.8	12.155657119218196	5.43617512595023	[46.0, 41.0, 76.0, 49.0, 52.0]
396	541.4332	173.0	0.0	0.0	0.0	[0.0, 0.0, 0.0, 0.0, 0.0]
397	541.43298	145	59.4	7.418894796396563	3.317830616532435	[70.0, 62.0, 63.0, 52.0, 50.0]
398	541.4332	174.0	0.2	0.4	0.17888543819998318	[0.0, 0.0, 0.0, 1.0, 0.0]
399	541.43298	145	60.0	13.66747965061591	6.11228271597445	[55.0, 46.0, 86.0, 59.0, 54.0]
400	541.4332	175.0	0.0	0.0	0.0	[0.0, 0.0, 0.0, 0.0, 0.0]
401	541.43298	145	66.8	5.6	2.504396134799764	[60.0, 62.0, 76.0, 68.0, 68.0]
402	541.4332	176.0	0.2	0.4	0.17888543819998318	[0.0, 0.0, 0.0, 1.0, 0.0]
403	541.43298	145	58.4	4.029888335921977	1.8022208521710095	[64.0, 58.0, 61.0, 57.0, 52.0]
404	541.4332	177.0	0.2	0.4	0.17888543819998318	[0.0, 0.0, 0.0, 0.0, 1.0]
405	541.43298	145	57.6	15.265647709809107	6.827005199939429	[63.0, 82.0, 36.0, 49.0, 58.0]
406	541.4332	178.0	0.0	0.0	0.0	[0.0, 0.0, 0.0, 0.0, 0.0]
407	541.43298	145	71.0	5.291502622129181	2.3664319132398464	[75.0, 72.0, 78.0, 64.0, 66.0]
408	541.4332	179.0	0.0	0.0	0.0	[0.0, 0.0, 0.0, 0.0, 0.0]
409	541.43298	145	78.6	9.414881836751857	4.210463157421046	[73.0, 89.0, 85.0, 63.0, 83.0]
410	541.4332	180.0	0.0	0.0	0.0	[0.0, 0.0, 0.0, 0.0, 0.0]
411	541.43298	145	73.8	4.4	1.967739820199815	[72.0, 66.0, 76.0, 77.0, 78.0]
412	541.43322	140.0	0.0	0.0	0.0	[0.0, 0.0, 0.0, 0.0, 0.0]
413	541.43298	145	58.4	3.3823069050575527	1.512613632095123	[59.0, 62.0, 59.0, 52.0, 60.0]
414	541.43322	141.0	0.0	0.0	0.0	[0.0, 0.0, 0.0, 0.0, 0.0]
415	541.43298	145	62.0	8.87693640846886	3.9698866482558417	[54.0, 69.0, 55.0, 76.0, 56.0]
416	541.43322	142.0	2.4	1.2	0.5366563145999494	[3.0, 1.0, 1.0, 4.0, 3.0]
417	541.43298	145	59.4	12.690153663372245	5.675209247243664	[69.0, 43.0, 64.0, 46.0, 75.0]
418	541.43322	143.0	1.6	1.3564659966250536	0.606630035524124	[0.0, 2.0, 4.0, 1.0, 1.0]
419	541.43298	145	63.8	6.764613810115105	3.025227264190246	[69.0, 54.0, 66.0, 58.0, 72.0]
420	541.43322	144.0	0.2	0.4000000000000001	0.1788854381999832	[0.0, 1.0, 0.0, 0.0, 0.0]
421	541.43298	145	62.8	8.704022058795578	3.8925570002249166	[56.0, 64.0, 79.0, 55.0, 60.0]
422	541.43322	145.0	0.2	0.4000000000000001	0.1788854381999832	[0.0, 0.0, 1.0, 0.0, 0.0]
423	541.43298	145	76.2	8.930845424706442	3.9939954932373167	[66.0, 71.0, 73.0, 92.0, 79.0]
424	541.43322	146.0	2.0	0.6324555320336759	0.282842712474619	[1.0, 2.0, 2.0, 2.0, 3.0]
425	541.43298	145	71.2	10.684568311354464	4.778284210885744	[58.0, 73.0, 80.0, 85.0, 60.0]
426	541.43322	147.0	0.8	0.7483314773547883	0.3346640106136302	[2.0, 1.0, 0.0, 1.0, 0.0]
427	541.43298	145	76.4	5.4626001134990645	2.442949037536395	[72.0, 79.0, 81.0, 82.0, 68.0]
428	541.43322	148.0	1.6	1.019803902718557	0.4560701700396552	[2.0, 1.0, 2.0, 3.0, 0.0]
429	541.43298	145	85.4	15.04127654157053	6.7266633630649295	[102.0, 60.0, 97.0, 90.0, 78.0]
430	541.43322	149.0	1.2	0.9797958971132713	0.4381780460041329	[1.0, 1.0, 1.0, 3.0, 0.0]
431	541.43298	145	79.2	8.084553172563094	3.615522092312533	[67.0, 90.0, 76.0, 77.0, 86.0]
432	541.43322	150.0	1.0	0.6324555320336759	0.282842712474619	[0.0, 1.0, 1.0, 2.0, 1.0]
433	541.43298	145	90.4	9.891410415102591	4.423573216303761	[97.0, 102.0, 85.0, 74.0, 94.0]
434	541.43322	151.0	0.4	0.8000000000000002	0.3577708763999664	[0.0, 0.0, 2.0, 0.0, 0.0]
435	541.43298	145	77.6	10.892199043352083	4.871139497078687	[70.0, 81.0, 62.0, 94.0, 81.0]
436	541.43322	152.0	1.6	1.019803902718557	0.4560701700396552	[2.0, 0.0, 3.0, 2.0, 1.0]
437	541.43298	145	78.2	7.386474125047754	3.3033316515300117	[66.0, 80.0, 82.0, 75.0, 88.0]
438	541.43322	153.0	1.0	0.8944271909999159	0.39999999999999997	[2.0, 1.0, 2.0, 0.0, 0.0]
439	541.43298	145	71.2	12.106196760337244	5.414055781020362	[61.0, 79.0, 53.0, 85.0, 78.0]
440	541.43322	154.0	0.4	0.8	0.35777087639996635	[0.0, 0.0, 0.0, 0.0, 2.0]
441	541.43298	145	69.8	14.864723340849636	6.647706371373513	[74.0, 46.0, 65.0, 72.0, 92.0]
442	541.43322	155.0	0.8	0.4	0.17888543819998318	[1.0, 1.0, 1.0, 0.0, 1.0]
443	541.43298	145	82.2	6.493073232299171	2.9037906260610455	[91.0, 80.0, 81.0, 87.0, 72.0]
444	541.43322	156.0	0.0	0.0	0.0	[0.0, 0.0, 0.0, 0.0, 0.0]
445	541.43298	145	80.6	10.61319932913728	4.746367031741225	[82.0, 78.0, 69.0, 74.0, 100.0]
446	541.43322	157.0	0.6	0.48989794855663565	0.21908902300206645	[1.0, 0.0, 0.0, 1.0, 1.0]
447	541.43298	145	85.4	10.947145746723207	4.895712409854157	[70.0, 84.0, 90.0, 103.0, 80.0]
448	541.43322	158.0	0.2	0.4000000000000001	0.1788854381999832	[0.0, 1.0, 0.0, 0.0, 0.0]
449	541.43298	145	66.4	6.019966777316964	2.6922109872742137	[58.0, 74.0, 71.0, 61.0, 68.0]
450	541.43322	159.0	0.4	0.8000000000000002	0.3577708763999664	[0.0, 2.0, 0.0, 0.0, 0.0]
451	541.43298	145	69.0	7.797435475847171	3.4871191548325386	[59.0, 82.0, 64.0, 68.0, 72.0]
452	541.43322	160.0	0.6	0.7999999999999999	0.3577708763999663	[2.0, 0.0, 0.0, 1.0, 0.0]
453	541.43298	145	76.8	20.614557962760202	9.219110586168277	[62.0, 114.0, 78.0, 76.0, 54.0]
454	541.43322	161.0	0.2	0.4	0.17888543819998318	[0.0, 0.0, 0.0, 0.0, 1.0]
455	541.43298	145	80.2	11.63443165779919	5.203076013282912	[84.0, 82.0, 66.0, 99.0, 70.0]
456	541.43322	162.0	0.0	0.0	0.0	[0.0, 0.0, 0.0, 0.0, 0.0]
457	541.43298	145	70.0	17.029386365926403	7.615773105863909	[44.0, 80.0, 91.0, 57.0, 78.0]
458	541.43322	163.0	0.6	1.2	0.5366563145999494	[0.0, 0.0, 0.0, 0.0, 3.0]
459	541.43298	145	91.2	11.513470371699404	5.148980481609927	[80.0, 97.0, 76.0, 107.0, 96.0]
460	541.43322	164.0	0.2	0.4	0.17888543819998318	[0.0, 0.0, 0.0, 0.0, 1.0]
461	541.43298	145	78.0	16.431676725154983	7.348469228349534	[68.0, 110.0, 66.0, 77.0, 69.0]
462	541.43322	165.0	0.0	0.0	0.0	[0.0, 0.0, 0.0, 0.0, 0.0]
463	541.43298	145	84.8	11.232096865679178	5.023146424304193	[69.0, 104.0, 86.0, 83.0, 82.0]
464	541.43322	166.0	0.0	0.0	0.0	[0.0, 0.0, 0.0, 0.0, 0.0]
465	541.43298	145	100.6	5.782732917920384	2.5861167800391383	[96.0, 110.0, 104.0, 94.0, 99.0]
466	541.43322	167.0	0.2	0.4	0.17888543819998318	[0.0, 0.0, 0.0, 1.0, 0.0]
467	541.43298	145	79.8	16.678129391511508	7.458686211391386	[83.0, 101.0, 92.0, 54.0, 69.0]
468	541.43322	168.0	0.2	0.4000000000000001	0.1788854381999832	[1.0, 0.0, 0.0, 0.0, 0.0]
469	541.43298	145	79.0	9.338094023943002	4.17612260356422	[70.0, 95.0, 74.0, 84.0, 72.0]
470	541.43322	169.0	0.2	0.4000000000000001	0.1788854381999832	[1.0, 0.0, 0.0, 0.0, 0.0]
471	541.43298	145	76.4	11.842297074469968	5.296036253652347	[94.0, 61.0, 78.0, 83.0, 66.0]
472	541.43322	170.0	0.0	0.0	0.0	[0.0, 0.0, 0.0, 0.0, 0.0]
473	541.43298	145	77.0	14.422205101855956	6.449806198638839	[59.0, 68.0, 76.0, 80.0, 102.0]
474	541.43322	171.0	0.0	0.0	0.0	[0.0, 0.0, 0.0, 0.0, 0.0]
475	541.43298	145	82.8	5.418486873657627	2.4232209969377534	[90.0, 80.0, 85.0, 85.0, 74.0]
476	541.43322	172.0	0.2	0.4	0.17888543819998318	[0.0, 0.0, 0.0, 0.0, 1.0]
477	541.43298	145	81.4	10.071742649611338	4.504220243282959	[78.0, 77.0, 98.0, 68.0, 86.0]
478	541.43322	173.0	0.0	0.0	0.0	[0.0, 0.0, 0.0, 0.0, 0.0]
479	541.43298	145	72.0	18.121810064118872	8.104319835741924	[102.0, 53.0, 83.0, 64.0, 58.0]
480	541.43322	174.0	0.2	0.4000000000000001	0.1788854381999832	[1.0, 0.0, 0.0, 0.0, 0.0]
481	541.43298	145	80.4	11.740528097151337	5.250523783395328	[84.0, 73.0, 65.0, 80.0, 100.0]
482	541.43322	175.0	0.2	0.4000000000000001	0.1788854381999832	[0.0, 1.0, 0.0, 0.0, 0.0]
483	541.43298	145	83.4	5.851495535331117	2.61686835740738	[89.0, 91.0, 83.0, 77.0, 77.0]
484	541.43322	176.0	0.0	0.0	0.0	[0.0, 0.0, 0.0, 0.0, 0.0]
485	541.43298	145	81.0	12.116104984688768	5.418486873657627	[83.0, 85.0, 100.0, 64.0, 73.0]
486	541.43322	177.0	0.0	0.0	0.0	[0.0, 0.0, 0.0, 0.0, 0.0]
487	541.43298	145	82.2	21.16978979583879	9.467417810575384	[91.0, 76.0, 104.0, 96.0, 44.0]
488	541.43322	178.0	0.0	0.0	0.0	[0.0, 0.0, 0.0, 0.0, 0.0]
489	541.43298	145	92.4	14.677874505527019	6.564145031913905	[78.0, 108.0, 73.0, 108.0, 95.0]
490	541.43322	179.0	0.0	0.0	0.0	[0.0, 0.0, 0.0, 0.0, 0.0]
491	541.43298	145	94.6	21.804586673450153	9.75130760462411	[103.0, 54.0, 118.0, 93.0, 105.0]
492	541.43322	180.0	0.0	0.0	0.0	[0.0, 0.0, 0.0, 0.0, 0.0]
493	541.43298	145	96.4	10.209799214480176	4.565961016040325	[112.0, 89.0, 104.0, 93.0, 84.0]
494	541.4332400000001	140.0	0.0	0.0	0.0	[0.0, 0.0, 0.0, 0.0, 0.0]
495	541.43298	145	102.0	11.541230437002806	5.161395160225576	[111.0, 109.0, 114.0, 88.0, 88.0]
496	541.4332400000001	141.0	0.0	0.0	0.0	[0.0, 0.0, 0.0, 0.0, 0.0]
497	541.43298	145	95.2	16.666133324799723	7.453321407265352	[87.0, 114.0, 107.0, 67.0, 101.0]
498	541.4332400000001	142.0	2.2	1.32664991614216	0.5932958789676531	[3.0, 2.0, 2.0, 4.0, 0.0]
499	541.43298	145	89.4	10.55651457631732	4.721016839622584	[91.0, 96.0, 89.0, 101.0, 70.0]
500	541.4332400000001	143.0	1.6	1.3564659966250536	0.606630035524124	[4.0, 1.0, 0.0, 1.0, 2.0]
501	541.43298	145	87.2	11.443775600735973	5.117812032499826	[82.0, 79.0, 109.0, 78.0, 88.0]
502	541.4332400000001	144.0	0.4	0.48989794855663565	0.21908902300206645	[0.0, 1.0, 0.0, 1.0, 0.0]
503	541.43298	145	85.8	4.069397989875161	1.819890106572372	[83.0, 86.0, 86.0, 93.0, 81.0]
504	541.4332400000001	145.0	0.2	0.4000000000000001	0.1788854381999832	[0.0, 0.0, 1.0, 0.0, 0.0]
505	541.43298	145	85.6	5.919459434779497	2.6472627372438873	[95.0, 85.0, 77.0, 83.0, 88.0]
506	541.4332400000001	146.0	1.0	1.5491933384829668	0.6928203230275509	[0.0, 4.0, 0.0, 0.0, 1.0]
507	541.43298	145	78.2	10.380751417888785	4.64241316558533	[70.0, 74.0, 67.0, 95.0, 85.0]
508	541.4332400000001	147.0	1.0	1.2649110640673518	0.565685424949238	[0.0, 3.0, 2.0, 0.0, 0.0]
509	541.43298	145	70.8	11.142710621747296	4.98317168076718	[69.0, 88.0, 71.0, 73.0, 53.0]
510	541.4332400000001	148.0	0.6	0.48989794855663565	0.21908902300206645	[1.0, 1.0, 0.0, 0.0, 1.0]
511	541.43298	145	78.4	8.890444308357148	3.9759275647325367	[70.0, 84.0, 78.0, 92.0, 68.0]
512	541.4332400000001	149.0	1.6	1.019803902718557	0.4560701700396552	[1.0, 3.0, 2.0, 2.0, 0.0]
513	541.43298	145	92.2	16.054905792311583	7.179972144792764	[82.0, 109.0, 70.0, 112.0, 88.0]
514	541.4332400000001	150.0	0.8	0.7483314773547883	0.3346640106136302	[1.0, 2.0, 1.0, 0.0, 0.0]
515	541.43298	145	85.8	13.948476619330155	6.237948380677736	[77.0, 95.0, 107.0, 67.0, 83.0]
516	541.4332400000001	151.0	0.8	0.4	0.17888543819998318	[1.0, 1.0, 1.0, 0.0, 1.0]
517	541.43298	145	92.2	13.24235628579748	5.92216176746296	[67.0, 99.0, 101.0, 91.0, 103.0]
518	541.4332400000001	152.0	1.0	0.6324555320336759	0.282842712474619	[2.0, 1.0, 1.0, 0.0, 1.0]
519	541.43298	145	99.4	14.8	6.618761213399377	[98.0, 120.0, 85.0, 112.0, 82.0]
520	541.4332400000001	153.0	1.0	1.0954451150103321	0.48989794855663554	[1.0, 0.0, 0.0, 3.0, 1.0]
521	541.43298	145	86.8	8.133879763065101	3.6375816142046897	[76.0, 88.0, 84.0, 101.0, 85.0]
522	541.4332400000001	154.0	0.6	0.7999999999999999	0.3577708763999663	[2.0, 1.0, 0.0, 0.0, 0.0]
523	541.43298	145	86.6	24.54872705457454	10.978524491023373	[85.0, 91.0, 68.0, 130.0, 59.0]
524	541.4332400000001	155.0	0.2	0.4000000000000001	0.1788854381999832	[0.0, 0.0, 1.0, 0.0, 0.0]
525	541.43298	145	84.0	3.847076812334269	1.7204650534085253	[83.0, 84.0, 78.0, 85.0, 90.0]
526	541.4332400000001	156.0	0.2	0.4000000000000001	0.1788854381999832	[1.0, 0.0, 0.0, 0.0, 0.0]
527	541.43298	145	81.8	13.862178760930766	6.1993548051389995	[78.0, 104.0, 77.0, 62.0, 88.0]
528	541.4332400000001	157.0	0.0	0.0	0.0	[0.0, 0.0, 0.0, 0.0, 0.0]
529	541.43298	145	76.8	11.232096865679177	5.023146424304192	[78.0, 91.0, 69.0, 86.0, 60.0]
530	541.4332400000001	158.0	0.2	0.4000000000000001	0.1788854381999832	[0.0, 0.0, 1.0, 0.0, 0.0]
531	541.43298	145	77.4	10.669582934679312	4.771582546702928	[60.0, 92.0, 83.0, 73.0, 79.0]
532	541.4332400000001	159.0	0.2	0.4000000000000001	0.1788854381999832	[1.0, 0.0, 0.0, 0.0, 0.0]
533	541.43298	145	82.0	11.260550608207398	5.035871324805668	[85.0, 84.0, 63.0, 98.0, 80.0]
534	541.4332400000001	160.0	0.2	0.4	0.17888543819998318	[0.0, 0.0, 0.0, 0.0, 1.0]
535	541.43298	145	83.8	14.729562111617577	6.587260432076449	[109.0, 79.0, 89.0, 65.0, 77.0]
536	541.4332400000001	161.0	0.0	0.0	0.0	[0.0, 0.0, 0.0, 0.0, 0.0]
537	541.43298	145	93.4	16.156732342896568	7.225510362597233	[77.0, 120.0, 77.0, 101.0, 92.0]
538	541.4332400000001	162.0	0.2	0.4000000000000001	0.1788854381999832	[0.0, 0.0, 1.0, 0.0, 0.0]
539	541.43298	145	92.0	10.788883167408942	4.824935232725927	[77.0, 98.0, 102.0, 81.0, 102.0]
540	541.4332400000001	163.0	0.0	0.0	0.0	[0.0, 0.0, 0.0, 0.0, 0.0]
541	541.43298	145	87.0	14.642404174178502	6.54828221749796	[113.0, 73.0, 93.0, 79.0, 77.0]
542	541.4332400000001	164.0	0.4	0.48989794855663565	0.21908902300206645	[0.0, 1.0, 0.0, 0.0, 1.0]
543	541.43298	145	87.6	12.076423311560422	5.400740689942445	[78.0, 94.0, 69.0, 101.0, 96.0]
544	541.4332400000001	165.0	0.0	0.0	0.0	[0.0, 0.0, 0.0, 0.0, 0.0]
545	541.43298	145	85.6	7.939773296511683	3.5507745633875434	[90.0, 85.0, 83.0, 97.0, 73.0]
546	541.4332400000001	166.0	0.0	0.0	0.0	[0.0, 0.0, 0.0, 0.0, 0.0]
547	541.43298	145	79.0	5.059644256269407	2.262741699796952	[88.0, 73.0, 80.0, 76.0, 78.0]
548	541.4332400000001	167.0	0.0	0.0	0.0	[0.0, 0.0, 0.0, 0.0, 0.0]
549	541.43298	145	93.6	9.350935782048769	4.181865612379241	[83.0, 100.0, 108.0, 92.0, 85.0]
550	541.4332400000001	168.0	0.2	0.4	0.17888543819998318	[0.0, 0.0, 0.0, 0.0, 1.0]
551	541.43298	145	97.6	9.393614852653903	4.200952272997159	[108.0, 103.0, 82.0, 92.0, 103.0]
552	541.4332400000001	169.0	0.0	0.0	0.0	[0.0, 0.0, 0.0, 0.0, 0.0]
553	541.43298	145	91.6	12.076423311560422	5.400740689942445	[109.0, 88.0, 102.0, 82.0, 77.0]
554	541.4332400000001	170.0	0.0	0.0	0.0	[0.0, 0.0, 0.0, 0.0, 0.0]
555	541.43298	145	84.0	6.782329983125268	3.03315017762062	[73.0, 85.0, 82.0, 86.0, 94.0]
556	541.4332400000001	171.0	0.2	0.4000000000000001	0.1788854381999832	[0.0, 0.0, 1.0, 0.0, 0.0]
557	541.43298	145	88.8	7.35934779718964	3.291200388915874	[86.0, 85.0, 94.0, 100.0, 79.0]
558	541.4332400000001	172.0	0.0	0.0	0.0	[0.0, 0.0, 0.0, 0.0, 0.0]
559	541.43298	145	83.2	9.303762679690406	4.16076915966267	[87.0, 91.0, 65.0, 85.0, 88.0]
560	541.4332400000001	173.0	0.0	0.0	0.0	[0.0, 0.0, 0.0, 0.0, 0.0]
561	541.43298	145	75.4	4.17612260356422	1.8676188047886004	[68.0, 80.0, 77.0, 74.0, 78.0]
562	541.4332400000001	174.0	0.0	0.0	0.0	[0.0, 0.0, 0.0, 0.0, 0.0]
563	541.43298	145	72.4	9.891410415102591	4.423573216303761	[68.0, 89.0, 60.0, 68.0, 77.0]
564	541.4332400000001	175.0	0.0	0.0	0.0	[0.0, 0.0, 0.0, 0.0, 0.0]
565	541.43298	145	77.2	2.993325909419153	1.3386560424545206	[81.0, 79.0, 72.0, 77.0, 77.0]
566	541.4332400000001	176.0	0.0	0.0	0.0	[0.0, 0.0, 0.0, 0.0, 0.0]
567	541.43298	145	78.8	11.582745788456206	5.179961389817495	[75.0, 60.0, 92.0, 77.0, 90.0]
568	541.4332400000001	177.0	0.0	0.0	0.0	[0.0, 0.0, 0.0, 0.0, 0.0]
569	541.43298	145	70.8	5.67097875150313	2.536138797463577	[62.0, 69.0, 77.0, 77.0, 69.0]
570	541.4332400000001	178.0	0.0	0.0	0.0	[0.0, 0.0, 0.0, 0.0, 0.0]
571	541.43298	145	79.4	5.314132102234569	2.3765521244020715	[73.0, 80.0, 74.0, 87.0, 83.0]
572	541.4332400000001	179.0	0.0	0.0	0.0	[0.0, 0.0, 0.0, 0.0, 0.0]
573	541.43298	145	85.2	8.23164625090267	3.681304116749932	[72.0, 95.0, 88.0, 91.0, 80.0]
574	541.4332400000001	180.0	0.0	0.0	0.0	[0.0, 0.0, 0.0, 0.0, 0.0]
575	541.43298	145	96.2	14.661514246489002	6.556828501646203	[94.0, 85.0, 79.0, 121.0, 102.0]
576	541.43326	140.0	0.0	0.0	0.0	[0.0, 0.0, 0.0, 0.0, 0.0]
577	541.43298	145	91.0	5.215361924162119	2.33238075793812	[98.0, 88.0, 89.0, 84.0, 96.0]
578	541.43326	141.0	0.0	0.0	0.0	[0.0, 0.0, 0.0, 0.0, 0.0]
579	541.43298	145	86.6	16.280049139974977	7.280659310804207	[62.0, 96.0, 73.0, 105.0, 97.0]
580	541.43326	142.0	2.0	1.4142135623730951	0.6324555320336759	[3.0, 1.0, 0.0, 4.0, 2.0]
581	541.43298	145	78.6	8.333066662399863	3.726660703632677	[86.0, 72.0, 91.0, 70.0, 74.0]
582	541.43326	143.0	1.0	0.8944271909999159	0.39999999999999997	[2.0, 2.0, 0.0, 1.0, 0.0]
583	541.43298	145	83.0	7.797435475847171	3.4871191548325386	[86.0, 72.0, 76.0, 93.0, 88.0]
584	541.43326	144.0	0.4	0.48989794855663565	0.21908902300206645	[0.0, 0.0, 0.0, 1.0, 1.0]
585	541.43298	145	85.6	13.792751719653335	6.168306088384395	[105.0, 67.0, 91.0, 73.0, 92.0]
586	541.43326	145.0	0.0	0.0	0.0	[0.0, 0.0, 0.0, 0.0, 0.0]
587	541.43298	145	90.0	13.92838827718412	6.2289646009589745	[79.0, 101.0, 80.0, 112.0, 78.0]
588	541.43326	146.0	1.0	0.8944271909999159	0.39999999999999997	[2.0, 2.0, 0.0, 1.0, 0.0]
589	541.43298	145	90.6	9.068627239003707	4.055613393803704	[103.0, 91.0, 85.0, 97.0, 77.0]
590	541.43326	147.0	0.2	0.4	0.17888543819998318	[0.0, 0.0, 0.0, 1.0, 0.0]
591	541.43298	145	84.6	14.65059725744995	6.551946275726015	[72.0, 101.0, 68.0, 103.0, 79.0]
592	541.43326	148.0	1.6	0.8	0.35777087639996635	[1.0, 3.0, 1.0, 1.0, 2.0]
593	541.43298	145	82.8	9.431860898041277	4.218056424468502	[75.0, 96.0, 81.0, 71.0, 91.0]
594	541.43326	149.0	0.2	0.4000000000000001	0.1788854381999832	[0.0, 0.0, 1.0, 0.0, 0.0]
595	541.43298	145	83.2	9.389355675444401	4.199047511043426	[79.0, 92.0, 81.0, 69.0, 95.0]
596	541.43326	150.0	0.8	0.7483314773547883	0.3346640106136302	[0.0, 2.0, 1.0, 1.0, 0.0]
597	541.43298	145	69.8	8.423775875461075	3.7672270969507533	[56.0, 67.0, 80.0, 69.0, 77.0]
598	541.43326	151.0	1.0	1.0954451150103321	0.48989794855663554	[0.0, 3.0, 1.0, 0.0, 1.0]
599	541.43298	145	68.0	2.6076809620810595	1.16619037896906	[64.0, 69.0, 71.0, 66.0, 70.0]
600	541.43326	152.0	0.6	0.7999999999999999	0.3577708763999663	[0.0, 2.0, 0.0, 0.0, 1.0]
601	541.43298	145	66.0	12.37739875741264	5.535341001239218	[53.0, 82.0, 73.0, 72.0, 50.0]
602	541.43326	153.0	0.0	0.0	0.0	[0.0, 0.0, 0.0, 0.0, 0.0]
603	541.43298	145	60.2	10.303397497913007	4.607819440906946	[45.0, 77.0, 58.0, 63.0, 58.0]
604	541.43326	154.0	0.4	0.48989794855663565	0.21908902300206645	[1.0, 0.0, 0.0, 1.0, 0.0]
605	541.43298	145	64.2	4.445222154178573	1.987963782366268	[61.0, 60.0, 61.0, 71.0, 68.0]
606	541.43326	155.0	0.0	0.0	0.0	[0.0, 0.0, 0.0, 0.0, 0.0]
607	541.43298	145	73.2	13.43726162579266	6.0093260853443455	[83.0, 81.0, 58.0, 56.0, 88.0]
608	541.43326	156.0	0.0	0.0	0.0	[0.0, 0.0, 0.0, 0.0, 0.0]
609	541.43298	145	78.2	16.029971927611104	7.168821381510353	[73.0, 71.0, 107.0, 81.0, 59.0]
610	541.43326	157.0	0.4	0.48989794855663565	0.21908902300206645	[0.0, 0.0, 1.0, 0.0, 1.0]
611	541.43298	145	61.2	12.039933554633928	5.384421974548427	[58.0, 72.0, 78.0, 52.0, 46.0]
612	541.43326	158.0	0.2	0.4000000000000001	0.1788854381999832	[1.0, 0.0, 0.0, 0.0, 0.0]
613	541.43298	145	67.6	8.867919710958146	3.96585425854254	[58.0, 67.0, 80.0, 75.0, 58.0]
614	541.43326	159.0	0.2	0.4000000000000001	0.1788854381999832	[0.0, 1.0, 0.0, 0.0, 0.0]
615	541.43298	145	69.8	10.127191120937729	4.529017553509811	[65.0, 88.0, 58.0, 66.0, 72.0]
616	541.43326	160.0	0.4	0.48989794855663565	0.21908902300206645	[0.0, 0.0, 1.0, 1.0, 0.0]
617	541.43298	145	105.4	18.52133904446436	8.28299462754866	[131.0, 99.0, 75.0, 107.0, 115.0]
618	541.43326	161.0	0.0	0.0	0.0	[0.0, 0.0, 0.0, 0.0, 0.0]
619	541.43298	145	84.0	6.723094525588644	3.0066592756745814	[78.0, 83.0, 94.0, 89.0, 76.0]
620	541.43326	162.0	0.0	0.0	0.0	[0.0, 0.0, 0.0, 0.0, 0.0]
621	541.43298	145	72.8	14.729562111617577	6.587260432076449	[67.0, 79.0, 65.0, 98.0, 55.0]
622	541.43326	163.0	0.0	0.0	0.0	[0.0, 0.0, 0.0, 0.0, 0.0]
623	541.43298	145	70.8	10.146920715172657	4.537840896285369	[84.0, 66.0, 57.0, 66.0, 81.0]
624	541.43326	164.0	0.0	0.0	0.0	[0.0, 0.0, 0.0, 0.0, 0.0]
625	541.43298	145	67.6	10.131140113531153	4.530783596686119	[78.0, 58.0, 67.0, 80.0, 55.0]
626	541.43326	165.0	0.0	0.0	0.0	[0.0, 0.0, 0.0, 0.0, 0.0]
627	541.43298	145	66.4	17.442476888332116	7.8005128036559235	[39.0, 88.0, 82.0, 59.0, 64.0]
628	541.43326	166.0	0.0	0.0	0.0	[0.0, 0.0, 0.0, 0.0, 0.0]
629	541.43298	145	64.0	9.528903399657276	4.261455150532503	[66.0, 48.0, 61.0, 77.0, 68.0]
630	541.43326	167.0	0.0	0.0	0.0	[0.0, 0.0, 0.0, 0.0, 0.0]
631	541.43298	145	67.0	8.414273587185052	3.7629775444453557	[67.0, 51.0, 72.0, 70.0, 75.0]
632	541.43326	168.0	0.0	0.0	0.0	[0.0, 0.0, 0.0, 0.0, 0.0]
633	541.43298	145	67.2	5.075431016179809	2.2698017534577772	[65.0, 63.0, 67.0, 77.0, 64.0]
634	541.43326	169.0	0.2	0.4000000000000001	0.1788854381999832	[0.0, 1.0, 0.0, 0.0, 0.0]
635	541.43298	145	63.6	4.409081537009721	1.971801207018598	[55.0, 66.0, 66.0, 64.0, 67.0]
636	541.43326	170.0	0.0	0.0	0.0	[0.0, 0.0, 0.0, 0.0, 0.0]
637	541.43298	145	74.0	9.654014708917737	4.317406628984581	[70.0, 93.0, 68.0, 72.0, 67.0]
638	541.43326	171.0	0.0	0.0	0.0	[0.0, 0.0, 0.0, 0.0, 0.0]
639	541.43298	145	60.6	4.715930449020639	2.109028212234251	[60.0, 66.0, 62.0, 52.0, 63.0]
640	541.43326	172.0	0.2	0.4	0.17888543819998318	[0.0, 0.0, 0.0, 1.0, 0.0]
641	541.43298	145	80.4	17.10672382427448	7.650359468678579	[67.0, 59.0, 77.0, 93.0, 106.0]
642	541.43326	173.0	0.2	0.4	0.17888543819998318	[0.0, 0.0, 0.0, 1.0, 0.0]
643	541.43298	145	67.4	8.5463442476886	3.8220413393892017	[52.0, 69.0, 78.0, 67.0, 71.0]
644	541.43326	174.0	0.0	0.0	0.0	[0.0, 0.0, 0.0, 0.0, 0.0]
645	541.43298	145	62.2	9.579144011862438	4.2839234353568925	[69.0, 61.0, 68.0, 44.0, 69.0]
646	541.43326	175.0	0.0	0.0	0.0	[0.0, 0.0, 0.0, 0.0, 0.0]
647	541.43298	145	70.6	10.762899237658969	4.813314866077223	[60.0, 84.0, 66.0, 83.0, 60.0]
648	541.43326	176.0	0.0	0.0	0.0	[0.0, 0.0, 0.0, 0.0, 0.0]
649	541.43298	145	63.6	16.776173580408614	7.502532905625938	[50.0, 65.0, 95.0, 59.0, 49.0]
650	541.43326	177.0	0.0	0.0	0.0	[0.0, 0.0, 0.0, 0.0, 0.0]
651	541.43298	145	76.0	6.899275324264136	3.0854497241083023	[74.0, 87.0, 80.0, 67.0, 72.0]
652	541.43326	178.0	0.4	0.8	0.35777087639996635	[0.0, 0.0, 0.0, 0.0, 2.0]
653	541.43298	145	77.4	5.238320341483518	2.342648074295411	[70.0, 78.0, 73.0, 83.0, 83.0]
654	541.43326	179.0	0.2	0.4000000000000001	0.1788854381999832	[0.0, 1.0, 0.0, 0.0, 0.0]
655	541.43298	145	66.8	6.241794613730894	2.791415411578864	[66.0, 57.0, 70.0, 65.0, 76.0]
656	541.43326	180.0	0.0	0.0	0.0	[0.0, 0.0, 0.0, 0.0, 0.0]
657	541.43298	145	73.6	19.794948850653796	8.852570248238644	[49.0, 73.0, 77.0, 61.0, 108.0]
658	541.4332800000001	140.0	0.0	0.0	0.0	[0.0, 0.0, 0.0, 0.0, 0.0]
659	541.43298	145	81.4	7.310266752998827	3.2692506786724085	[70.0, 93.0, 80.0, 82.0, 82.0]
660	541.4332800000001	141.0	0.0	0.0	0.0	[0.0, 0.0, 0.0, 0.0, 0.0]
661	541.43298	145	69.4	9.478396488858229	4.238867773356465	[75.0, 56.0, 79.0, 60.0, 77.0]
662	541.4332800000001	142.0	3.6	1.019803902718557	0.4560701700396552	[5.0, 3.0, 4.0, 2.0, 4.0]
663	541.43298	145	56.4	7.227724399837061	3.2323366161339075	[56.0, 48.0, 58.0, 51.0, 69.0]
664	541.4332800000001	143.0	1.2	1.4696938456699067	0.6572670690061992	[1.0, 0.0, 0.0, 1.0, 4.0]
665	541.43298	145	52.0	9.121403400793104	4.079215610874228	[43.0, 49.0, 69.0, 46.0, 53.0]
666	541.4332800000001	144.0	0.2	0.4000000000000001	0.1788854381999832	[0.0, 1.0, 0.0, 0.0, 0.0]
667	541.43298	145	66.2	12.073110618229256	5.399259208447026	[58.0, 84.0, 50.0, 75.0, 64.0]
668	541.4332800000001	145.0	0.2	0.4000000000000001	0.1788854381999832	[0.0, 0.0, 1.0, 0.0, 0.0]
669	541.43298	145	50.6	14.934523762075576	6.678922068717377	[61.0, 27.0, 71.0, 45.0, 49.0]
670	541.4332800000001	146.0	0.4	0.48989794855663565	0.21908902300206645	[1.0, 0.0, 0.0, 1.0, 0.0]
671	541.43298	145	52.2	13.555810562264435	6.062342781466584	[39.0, 64.0, 33.0, 59.0, 66.0]
672	541.4332800000001	147.0	0.4	0.48989794855663565	0.21908902300206645	[0.0, 1.0, 0.0, 1.0, 0.0]
673	541.43298	145	59.6	6.529931086925803	2.9202739597510368	[56.0, 63.0, 49.0, 62.0, 68.0]
674	541.4332800000001	148.0	0.8	0.7483314773547883	0.3346640106136302	[0.0, 1.0, 1.0, 0.0, 2.0]
675	541.43298	145	56.2	9.907572861200668	4.430801281935357	[57.0, 64.0, 63.0, 60.0, 37.0]
676	541.4332800000001	149.0	2.0	1.5491933384829668	0.6928203230275509	[1.0, 5.0, 1.0, 2.0, 1.0]
677	541.43298	145	58.4	8.799999999999999	3.9354796403996293	[67.0, 63.0, 51.0, 45.0, 66.0]
678	541.4332800000001	150.0	0.4	0.48989794855663565	0.21908902300206645	[0.0, 1.0, 0.0, 0.0, 1.0]
679	541.43298	145	51.6	10.892199043352083	4.871139497078687	[52.0, 47.0, 66.0, 34.0, 59.0]
680	541.4332800000001	151.0	0.6	0.7999999999999999	0.3577708763999663	[0.0, 0.0, 1.0, 2.0, 0.0]
681	541.43298	145	58.2	13.731715115017497	6.141009688968093	[43.0, 81.0, 60.0, 62.0, 45.0]
682	541.4332800000001	152.0	0.4	0.48989794855663565	0.21908902300206645	[1.0, 0.0, 1.0, 0.0, 0.0]
683	541.43298	145	62.4	15.252540771950095	6.821143599133506	[78.0, 53.0, 73.0, 37.0, 71.0]
684	541.4332800000001	153.0	0.0	0.0	0.0	[0.0, 0.0, 0.0, 0.0, 0.0]
685	541.43298	145	82.6	16.402438843050138	7.335393649968622	[82.0, 89.0, 103.0, 53.0, 86.0]
686	541.4332800000001	154.0	0.0	0.0	0.0	[0.0, 0.0, 0.0, 0.0, 0.0]
687	541.43298	145	76.2	11.356055653262711	5.078582479393241	[62.0, 74.0, 79.0, 96.0, 70.0]
688	541.4332800000001	155.0	0.6	1.2	0.5366563145999494	[0.0, 0.0, 0.0, 0.0, 3.0]
689	541.43298	145	75.2	10.303397497913005	4.607819440906946	[94.0, 72.0, 71.0, 63.0, 76.0]
690	541.4332800000001	156.0	0.4	0.48989794855663565	0.21908902300206645	[0.0, 0.0, 0.0, 1.0, 1.0]
691	541.43298	145	81.2	12.702755606560334	5.680845007567096	[67.0, 82.0, 81.0, 72.0, 104.0]
692	541.4332800000001	157.0	0.0	0.0	0.0	[0.0, 0.0, 0.0, 0.0, 0.0]
693	541.43298	145	72.4	16.378034070058593	7.324479503691713	[82.0, 92.0, 72.0, 73.0, 43.0]
694	541.4332800000001	158.0	0.0	0.0	0.0	[0.0, 0.0, 0.0, 0.0, 0.0]
695	541.43298	145	66.6	7.83836717690617	3.505424368033063	[78.0, 59.0, 62.0, 74.0, 60.0]
696	541.4332800000001	159.0	0.0	0.0	0.0	[0.0, 0.0, 0.0, 0.0, 0.0]
697	541.43298	145	64.6	10.9288608738514	4.887535166113897	[61.0, 67.0, 65.0, 82.0, 48.0]
698	541.4332800000001	160.0	0.0	0.0	0.0	[0.0, 0.0, 0.0, 0.0, 0.0]
699	541.43298	145	49.8	3.655133376499413	1.634625339336204	[44.0, 49.0, 55.0, 49.0, 52.0]
700	541.4332800000001	161.0	0.0	0.0	0.0	[0.0, 0.0, 0.0, 0.0, 0.0]
701	541.43298	145	41.0	8.763560920082657	3.9191835884530843	[37.0, 55.0, 31.0, 35.0, 47.0]
702	541.4332800000001	162.0	0.0	0.0	0.0	[0.0, 0.0, 0.0, 0.0, 0.0]
703	541.43298	145	40.4	10.05186549850325	4.495330911067615	[26.0, 45.0, 32.0, 45.0, 54.0]
704	541.4332800000001	163.0	0.0	0.0	0.0	[0.0, 0.0, 0.0, 0.0, 0.0]
705	541.43298	145	55.4	2.8	1.252198067399882	[52.0, 58.0, 58.0, 52.0, 57.0]
706	541.4332800000001	164.0	0.0	0.0	0.0	[0.0, 0.0, 0.0, 0.0, 0.0]
707	541.43298	145	58.4	9.32952303175248	4.172289539329695	[59.0, 59.0, 66.0, 41.0, 67.0]
708	541.4332800000001	165.0	0.2	0.4000000000000001	0.1788854381999832	[0.0, 0.0, 1.0, 0.0, 0.0]
709	541.43298	145	55.6	5.782732917920384	2.5861167800391383	[47.0, 61.0, 53.0, 54.0, 63.0]
710	541.4332800000001	166.0	0.2	0.4000000000000001	0.1788854381999832	[0.0, 1.0, 0.0, 0.0, 0.0]
711	541.43298	145	49.6	14.485855169785456	6.478271374371407	[48.0, 34.0, 77.0, 45.0, 44.0]
712	541.4332800000001	167.0	0.0	0.0	0.0	[0.0, 0.0, 0.0, 0.0, 0.0]
713	541.43298	145	50.2	11.196428001822724	5.00719482345155	[57.0, 29.0, 49.0, 60.0, 56.0]
714	541.4332800000001	168.0	0.0	0.0	0.0	[0.0, 0.0, 0.0, 0.0, 0.0]
715	541.43298	145	61.0	11.781341180018513	5.2687759489277965	[64.0, 81.0, 45.0, 56.0, 59.0]
716	541.4332800000001	169.0	0.0	0.0	0.0	[0.0, 0.0, 0.0, 0.0, 0.0]
717	541.43298	145	51.2	10.979981785048645	4.910397132615651	[66.0, 58.0, 35.0, 43.0, 54.0]
718	541.4332800000001	170.0	0.0	0.0	0.0	[0.0, 0.0, 0.0, 0.0, 0.0]
719	541.43298	145	53.2	19.124852940611074	8.55289424697862	[29.0, 76.0, 73.0, 35.0, 53.0]
720	541.4332800000001	171.0	0.0	0.0	0.0	[0.0, 0.0, 0.0, 0.0, 0.0]
721	541.43298	145	52.6	13.74918179383777	6.14882102520475	[54.0, 50.0, 47.0, 77.0, 35.0]
722	541.4332800000001	172.0	0.2	0.4000000000000001	0.1788854381999832	[1.0, 0.0, 0.0, 0.0, 0.0]
723	541.43298	145	58.8	10.665833300778708	4.76990565944443	[49.0, 79.0, 57.0, 51.0, 58.0]
724	541.4332800000001	173.0	0.0	0.0	0.0	[0.0, 0.0, 0.0, 0.0, 0.0]
725	541.43298	145	65.4	10.248902380255165	4.583448483401989	[69.0, 72.0, 59.0, 78.0, 49.0]
726	541.4332800000001	174.0	0.4	0.48989794855663565	0.21908902300206645	[0.0, 1.0, 1.0, 0.0, 0.0]
727	541.43298	145	56.6	8.475848040166836	3.7905144769542827	[58.0, 54.0, 47.0, 72.0, 52.0]
728	541.4332800000001	175.0	0.0	0.0	0.0	[0.0, 0.0, 0.0, 0.0, 0.0]
729	541.43298	145	63.8	15.43243337908834	6.901594018775662	[51.0, 94.0, 57.0, 61.0, 56.0]
730	541.4332800000001	176.0	0.0	0.0	0.0	[0.0, 0.0, 0.0, 0.0, 0.0]
731	541.43298	145	58.6	4.923413450036469	2.2018174311236614	[60.0, 67.0, 57.0, 52.0, 57.0]
732	541.4332800000001	177.0	0.0	0.0	0.0	[0.0, 0.0, 0.0, 0.0, 0.0]
733	541.43298	145	47.6	8.867919710958146	3.96585425854254	[45.0, 42.0, 61.0, 36.0, 54.0]
734	541.4332800000001	178.0	0.0	0.0	0.0	[0.0, 0.0, 0.0, 0.0, 0.0]
735	541.43298	145	51.6	12.626955294131678	5.646946077305857	[49.0, 35.0, 74.0, 52.0, 48.0]
736	541.4332800000001	179.0	0.0	0.0	0.0	[0.0, 0.0, 0.0, 0.0, 0.0]
737	541.43298	145	43.8	8.51821577561874	3.8094619042589195	[40.0, 44.0, 47.0, 31.0, 57.0]
738	541.4332800000001	180.0	0.0	0.0	0.0	[0.0, 0.0, 0.0, 0.0, 0.0]
739	541.43298	145	50.2	12.073110618229256	5.399259208447026	[59.0, 48.0, 34.0, 68.0, 42.0]