1	541.43298	145	106.4	57.48947729802385	25.710075845862452	[0.0, 132.0, 116.0, 173.0, 111.0]
2	541.4333	140.0	0.0	0.0	0.0	[0.0, 0.0, 0.0, 0.0, 0.0]
3	541.43298	145	57.8	19.177069640588993	8.57624626512089	[57.0, 95.0, 48.0, 46.0, 43.0]
4	541.4333	141.0	0.2	0.4000000000000001	0.1788854381999832	[1.0, 0.0, 0.0, 0.0, 0.0]
5	541.43298	145	132.0	32.112302938282085	14.361058456812994	[103.0, 112.0, 103.0, 175.0, 167.0]
6	541.4333	142.0	2.8	0.9797958971132712	0.43817804600413285	[2.0, 4.0, 2.0, 2.0, 4.0]
7	541.43298	145	158.4	16.057397049335236	7.181086268803626	[171.0, 176.0, 130.0, 160.0, 155.0]
8	541.4333	143.0	1.2	1.9390719429665315	0.8671793355471519	[1.0, 0.0, 0.0, 0.0, 5.0]
9	541.43298	145	214.2	17.31357848626332	7.742867685812539	[214.0, 199.0, 247.0, 210.0, 201.0]
10	541.4333	144.0	0.0	0.0	0.0	[0.0, 0.0, 0.0, 0.0, 0.0]
11	541.43298	145	218.6	6.086049621881176	2.72176413379264	[213.0, 215.0, 214.0, 229.0, 222.0]
12	541.4333	145.0	0.0	0.0	0.0	[0.0, 0.0, 0.0, 0.0, 0.0]
13	541.43298	145	219.2	22.049036260118037	9.860628783196333	[257.0, 195.0, 230.0, 206.0, 208.0]
14	541.4333	146.0	0.2	0.4	0.17888543819998318	[0.0, 0.0, 0.0, 0.0, 1.0]
15	541.43298	145	229.8	23.00782475593901	10.289412033736426	[244.0, 254.0, 199.0, 247.0, 205.0]
16	541.4333	147.0	0.0	0.0	0.0	[0.0, 0.0, 0.0, 0.0, 0.0]
17	541.43298	145	204.8	17.127755252805315	7.659765009450355	[235.0, 204.0, 182.0, 204.0, 199.0]
18	541.4333	148.0	0.8	0.7483314773547883	0.3346640106136302	[0.0, 1.0, 0.0, 2.0, 1.0]
19	541.43298	145	195.8	25.902895591033833	11.584127071126249	[167.0, 206.0, 218.0, 163.0, 225.0]
20	541.4333	149.0	1.6	1.019803902718557	0.4560701700396552	[1.0, 2.0, 3.0, 0.0, 2.0]
21	541.43298	145	209.2	13.614697940094008	6.088678017435312	[224.0, 225.0, 208.0, 191.0, 198.0]
22	541.4333	150.0	1.6	0.8	0.35777087639996635	[1.0, 1.0, 3.0, 1.0, 2.0]
23	541.43298	145	200.8	22.93817778290159	10.258264960508674	[179.0, 198.0, 228.0, 173.0, 226.0]
24	541.4333	151.0	0.8	1.1661903789690602	0.521536192416212	[0.0, 3.0, 0.0, 1.0, 0.0]
25	541.43298	145	200.4	8.260750571225353	3.6943199644860214	[202.0, 215.0, 190.0, 197.0, 198.0]
26	541.4333	152.0	0.8	0.4000000000000001	0.1788854381999832	[1.0, 0.0, 1.0, 1.0, 1.0]
27	541.43298	145	201.0	21.642550681470055	9.678842906050289	[183.0, 228.0, 169.0, 213.0, 212.0]
28	541.4333	153.0	1.4	1.2	0.5366563145999494	[2.0, 0.0, 2.0, 3.0, 0.0]
29	541.43298	145	189.6	30.96191208565776	13.846588027380609	[169.0, 212.0, 140.0, 225.0, 202.0]
30	541.4333	154.0	1.6	1.3564659966250538	0.6066300355241241	[0.0, 0.0, 2.0, 3.0, 3.0]
31	541.43298	145	192.4	16.36581803638303	7.3190163273489155	[204.0, 198.0, 202.0, 160.0, 198.0]
32	541.4333	155.0	0.8	0.7483314773547883	0.3346640106136302	[0.0, 2.0, 0.0, 1.0, 1.0]
33	541.43298	145	213.0	16.14930339054908	7.2221880341071145	[189.0, 219.0, 237.0, 203.0, 217.0]
34	541.4333	156.0	0.4	0.48989794855663565	0.21908902300206645	[0.0, 1.0, 0.0, 1.0, 0.0]
35	541.43298	145	201.6	13.108775686539152	5.862422707379603	[177.0, 210.0, 203.0, 203.0, 215.0]
36	541.4333	157.0	0.6	0.7999999999999999	0.3577708763999663	[0.0, 2.0, 0.0, 0.0, 1.0]
37	541.43298	145	230.2	16.387800340497197	7.3288471126091865	[237.0, 237.0, 235.0, 198.0, 244.0]
38	541.4333	158.0	0.8	0.7483314773547883	0.3346640106136302	[2.0, 1.0, 1.0, 0.0, 0.0]
39	541.43298	145	213.6	11.306635220082056	5.056480989779354	[205.0, 220.0, 217.0, 197.0, 229.0]
40	541.4333	159.0	0.2	0.4000000000000001	0.1788854381999832	[0.0, 0.0, 1.0, 0.0, 0.0]
41	541.43298	145	239.6	18.895502110290693	8.450325437520142	[236.0, 263.0, 219.0, 260.0, 220.0]
42	541.4333	160.0	0.6	0.7999999999999999	0.3577708763999663	[0.0, 0.0, 2.0, 1.0, 0.0]
43	541.43298	145	247.6	20.943734146517425	9.3663226508593	[277.0, 232.0, 268.0, 237.0, 224.0]
44	541.4333	161.0	0.0	0.0	0.0	[0.0, 0.0, 0.0, 0.0, 0.0]
45	541.43298	145	240.6	18.172506706560874	8.126992063488187	[264.0, 208.0, 244.0, 246.0, 241.0]
46	541.4333	162.0	0.4	0.48989794855663565	0.21908902300206645	[1.0, 1.0, 0.0, 0.0, 0.0]
47	541.43298	145	242.6	20.14547095503106	9.00932849883941	[281.0, 237.0, 242.0, 228.0, 225.0]
48	541.4333	163.0	0.2	0.4000000000000001	0.1788854381999832	[1.0, 0.0, 0.0, 0.0, 0.0]
49	541.43298	145	238.2	10.107423014794621	4.520176987685327	[227.0, 233.0, 242.0, 233.0, 256.0]
50	541.4333	164.0	0.0	0.0	0.0	[0.0, 0.0, 0.0, 0.0, 0.0]
51	541.43298	145	239.6	21.62036077404815	9.668919277768326	[256.0, 206.0, 269.0, 233.0, 234.0]
52	541.4333	165.0	0.2	0.4000000000000001	0.1788854381999832	[1.0, 0.0, 0.0, 0.0, 0.0]
53	541.43298	145	233.4	15.576905982896603	6.966204131375996	[250.0, 229.0, 211.0, 225.0, 252.0]
54	541.4333	166.0	0.0	0.0	0.0	[0.0, 0.0, 0.0, 0.0, 0.0]
55	541.43298	145	239.8	28.463309716194285	12.729179078008134	[251.0, 246.0, 235.0, 277.0, 190.0]
56	541.4333	167.0	0.0	0.0	0.0	[0.0, 0.0, 0.0, 0.0, 0.0]
57	541.43298	145	248.6	14.691494137765567	6.570235916616693	[262.0, 239.0, 270.0, 232.0, 240.0]
58	541.4333	168.0	0.0	0.0	0.0	[0.0, 0.0, 0.0, 0.0, 0.0]
59	541.43298	145	244.6	14.136477637657835	6.322024992041712	[226.0, 235.0, 246.0, 268.0, 248.0]
60	541.4333	169.0	0.2	0.4	0.17888543819998318	[0.0, 0.0, 0.0, 1.0, 0.0]
61	541.43298	145	241.4	12.7216351150314	5.6892881804317135	[223.0, 234.0, 261.0, 247.0, 242.0]
62	541.4333	170.0	0.0	0.0	0.0	[0.0, 0.0, 0.0, 0.0, 0.0]
63	541.43298	145	241.8	9.303762679690406	4.16076915966267	[228.0, 240.0, 244.0, 257.0, 240.0]
64	541.4333	171.0	0.2	0.4000000000000001	0.1788854381999832	[1.0, 0.0, 0.0, 0.0, 0.0]
65	541.43298	145	224.6	25.624987804875147	11.459842930860788	[225.0, 245.0, 227.0, 177.0, 249.0]
66	541.4333	172.0	0.0	0.0	0.0	[0.0, 0.0, 0.0, 0.0, 0.0]
67	541.43298	145	236.2	26.738735946188626	11.957926241618985	[207.0, 259.0, 204.0, 241.0, 270.0]
68	541.4333	173.0	0.0	0.0	0.0	[0.0, 0.0, 0.0, 0.0, 0.0]
69	541.43298	145	226.8	12.139192724394814	5.428812024743534	[213.0, 235.0, 211.0, 238.0, 237.0]
70	541.4333	174.0	0.0	0.0	0.0	[0.0, 0.0, 0.0, 0.0, 0.0]
71	541.43298	145	228.0	21.34478859112922	9.54567965102538	[262.0, 234.0, 230.0, 217.0, 197.0]
72	541.4333	175.0	0.0	0.0	0.0	[0.0, 0.0, 0.0, 0.0, 0.0]
73	541.43298	145	239.8	9.173875952943773	4.102682049586587	[251.0, 241.0, 243.0, 223.0, 241.0]
74	541.4333	176.0	0.0	0.0	0.0	[0.0, 0.0, 0.0, 0.0, 0.0]
75	541.43298	145	255.6	9.871170143402454	4.414521491622846	[253.0, 247.0, 273.0, 246.0, 259.0]
76	541.4333	177.0	0.0	0.0	0.0	[0.0, 0.0, 0.0, 0.0, 0.0]
77	541.43298	145	239.8	15.210522673465237	6.8023525342340205	[261.0, 231.0, 223.0, 255.0, 229.0]
78	541.4333	178.0	0.0	0.0	0.0	[0.0, 0.0, 0.0, 0.0, 0.0]
79	541.43298	145	246.2	20.242529486207992	9.052734393540993	[234.0, 279.0, 250.0, 250.0, 218.0]
80	541.4333	179.0	0.0	0.0	0.0	[0.0, 0.0, 0.0, 0.0, 0.0]
81	541.43298	145	251.2	21.939917957914062	9.811829594932842	[226.0, 262.0, 224.0, 267.0, 277.0]
82	541.4333	180.0	0.0	0.0	0.0	[0.0, 0.0, 0.0, 0.0, 0.0]
83	541.43298	145	226.2	22.90327487500423	10.242655905574491	[195.0, 215.0, 264.0, 222.0, 235.0]
84	541.4333200000001	140.0	0.0	0.0	0.0	[0.0, 0.0, 0.0, 0.0, 0.0]
85	541.43298	145	253.8	12.983065893693986	5.806203578931762	[271.0, 254.0, 259.0, 231.0, 254.0]
86	541.4333200000001	141.0	0.0	0.0	0.0	[0.0, 0.0, 0.0, 0.0, 0.0]
87	541.43298	145	249.4	16.71645895517349	7.475827713370606	[251.0, 268.0, 267.0, 227.0, 234.0]
88	541.4333200000001	142.0	3.0	0.8944271909999159	0.39999999999999997	[3.0, 4.0, 4.0, 2.0, 2.0]
89	541.43298	145	251.4	19.345283662949996	8.651473862874463	[246.0, 266.0, 232.0, 281.0, 232.0]
90	541.4333200000001	143.0	0.6	0.7999999999999999	0.3577708763999663	[0.0, 1.0, 0.0, 0.0, 2.0]
91	541.43298	145	234.0	6.356099432828281	2.842534080710379	[226.0, 242.0, 230.0, 241.0, 231.0]
92	541.4333200000001	144.0	0.2	0.4	0.17888543819998318	[0.0, 0.0, 0.0, 0.0, 1.0]
93	541.43298	145	255.8	15.091719583930788	6.749222177406817	[268.0, 257.0, 272.0, 229.0, 253.0]
94	541.4333200000001	145.0	0.0	0.0	0.0	[0.0, 0.0, 0.0, 0.0, 0.0]
95	541.43298	145	237.2	9.325234581499814	4.170371686073077	[248.0, 249.0, 228.0, 229.0, 232.0]
96	541.4333200000001	146.0	0.4	0.48989794855663565	0.21908902300206645	[0.0, 0.0, 0.0, 1.0, 1.0]
97	541.43298	145	231.4	15.957443404254956	7.136385639803947	[245.0, 232.0, 248.0, 203.0, 229.0]
98	541.4333200000001	147.0	0.8	0.7483314773547883	0.3346640106136302	[1.0, 0.0, 2.0, 0.0, 1.0]
99	541.43298	145	233.6	14.402777509911065	6.441117915393258	[230.0, 258.0, 217.0, 223.0, 240.0]
100	541.4333200000001	148.0	0.6	0.7999999999999999	0.3577708763999663	[2.0, 0.0, 1.0, 0.0, 0.0]
101	541.43298	145	229.0	25.19523764523764	11.267652816802618	[261.0, 195.0, 244.0, 241.0, 204.0]
102	541.4333200000001	149.0	0.6	1.2000000000000002	0.5366563145999496	[0.0, 3.0, 0.0, 0.0, 0.0]
103	541.43298	145	238.2	12.781236246936365	5.7159426169267995	[242.0, 250.0, 252.0, 228.0, 219.0]
104	541.4333200000001	150.0	0.4	0.48989794855663565	0.21908902300206645	[0.0, 1.0, 1.0, 0.0, 0.0]
105	541.43298	145	229.4	9.850888284819801	4.405451168722677	[244.0, 219.0, 221.0, 238.0, 225.0]
106	541.4333200000001	151.0	0.8	0.4000000000000001	0.1788854381999832	[1.0, 0.0, 1.0, 1.0, 1.0]
107	541.43298	145	214.8	17.993332098307974	8.046862742709111	[237.0, 205.0, 234.0, 208.0, 190.0]
108	541.4333200000001	152.0	0.4	0.48989794855663565	0.21908902300206645	[0.0, 1.0, 1.0, 0.0, 0.0]
109	541.43298	145	210.6	11.128342194594845	4.976745924798653	[222.0, 210.0, 207.0, 222.0, 192.0]
110	541.4333200000001	153.0	0.4	0.48989794855663565	0.21908902300206645	[0.0, 1.0, 0.0, 1.0, 0.0]
111	541.43298	145	196.8	18.56232744027537	8.30132519541308	[213.0, 177.0, 216.0, 206.0, 172.0]
112	541.4333200000001	154.0	0.4	0.48989794855663565	0.21908902300206645	[0.0, 0.0, 1.0, 1.0, 0.0]
113	541.43298	145	217.8	10.684568311354464	4.778284210885744	[210.0, 213.0, 213.0, 214.0, 239.0]
114	541.4333200000001	155.0	0.2	0.4	0.17888543819998318	[0.0, 0.0, 0.0, 1.0, 0.0]
115	541.43298	145	204.8	15.276125163142648	6.831690859516405	[219.0, 200.0, 186.0, 193.0, 226.0]
116	541.4333200000001	156.0	0.2	0.4000000000000001	0.1788854381999832	[0.0, 1.0, 0.0, 0.0, 0.0]
117	541.43298	145	188.4	14.786480311419616	6.6127150248593045	[168.0, 212.0, 194.0, 189.0, 179.0]
118	541.4333200000001	157.0	0.0	0.0	0.0	[0.0, 0.0, 0.0, 0.0, 0.0]
119	541.43298	145	186.4	12.273548794053006	5.488897885732618	[164.0, 201.0, 186.0, 189.0, 192.0]
120	541.4333200000001	158.0	0.0	0.0	0.0	[0.0, 0.0, 0.0, 0.0, 0.0]
121	541.43298	145	192.2	7.467261881037788	3.3394610343586884	[184.0, 195.0, 202.0, 183.0, 197.0]
122	541.4333200000001	159.0	0.4	0.48989794855663565	0.21908902300206645	[1.0, 0.0, 1.0, 0.0, 0.0]
123	541.43298	145	192.8	25.317187837514656	11.322190600762733	[180.0, 234.0, 168.0, 210.0, 172.0]
124	541.4333200000001	160.0	0.6	0.7999999999999999	0.3577708763999663	[0.0, 1.0, 0.0, 2.0, 0.0]
125	541.43298	145	193.0	21.98181066245454	9.830564581955606	[210.0, 182.0, 214.0, 155.0, 204.0]
126	541.4333200000001	161.0	0.0	0.0	0.0	[0.0, 0.0, 0.0, 0.0, 0.0]
127	541.43298	145	201.2	7.11055553385247	3.1799371062962862	[195.0, 209.0, 203.0, 208.0, 191.0]
128	541.4333200000001	162.0	0.2	0.4	0.17888543819998318	[0.0, 0.0, 0.0, 0.0, 1.0]
129	541.43298	145	189.2	21.32979137263185	9.538972691018673	[186.0, 209.0, 169.0, 218.0, 164.0]
130	541.4333200000001	163.0	0.0	0.0	0.0	[0.0, 0.0, 0.0, 0.0, 0.0]
131	541.43298	145	199.6	26.507357469200887	11.854450641003993	[223.0, 178.0, 239.0, 186.0, 172.0]
132	541.4333200000001	164.0	0.2	0.4	0.17888543819998318	[0.0, 0.0, 0.0, 0.0, 1.0]
133	541.43298	145	181.8	14.661514246489002	6.556828501646203	[166.0, 187.0, 205.0, 166.0, 185.0]
134	541.4333200000001	165.0	0.2	0.4	0.17888543819998318	[0.0, 0.0, 0.0, 1.0, 0.0]
135	541.43298	145	190.6	13.77824371971987	6.161817913570637	[199.0, 175.0, 213.0, 180.0, 186.0]
136	541.4333200000001	166.0	0.0	0.0	0.0	[0.0, 0.0, 0.0, 0.0, 0.0]
137	541.43298	145	171.2	23.489572154468885	10.504856019955723	[189.0, 144.0, 200.0, 143.0, 180.0]
138	541.4333200000001	167.0	0.0	0.0	0.0	[0.0, 0.0, 0.0, 0.0, 0.0]
139	541.43298	145	176.2	13.789851340750559	6.167008999506973	[164.0, 187.0, 165.0, 167.0, 198.0]
140	541.4333200000001	168.0	0.0	0.0	0.0	[0.0, 0.0, 0.0, 0.0, 0.0]
141	541.43298	145	161.2	12.4	5.5454485841994785	[165.0, 158.0, 183.0, 153.0, 147.0]
142	541.4333200000001	169.0	0.0	0.0	0.0	[0.0, 0.0, 0.0, 0.0, 0.0]
143	541.43298	145	169.2	10.244998779892558	4.581702740248433	[157.0, 183.0, 160.0, 167.0, 179.0]
144	541.4333200000001	170.0	0.0	0.0	0.0	[0.0, 0.0, 0.0, 0.0, 0.0]
145	541.43298	145	172.6	14.59588983241515	6.527480371475657	[164.0, 201.0, 163.0, 163.0, 172.0]
146	541.4333200000001	171.0	0.0	0.0	0.0	[0.0, 0.0, 0.0, 0.0, 0.0]
147	541.43298	145	170.6	30.434191298603615	13.610584116782055	[218.0, 156.0, 169.0, 126.0, 184.0]
148	541.4333200000001	172.0	0.0	0.0	0.0	[0.0, 0.0, 0.0, 0.0, 0.0]
149	541.43298	145	177.4	12.626955294131678	5.646946077305857	[198.0, 183.0, 161.0, 176.0, 169.0]
150	541.4333200000001	173.0	0.0	0.0	0.0	[0.0, 0.0, 0.0, 0.0, 0.0]
151	541.43298	145	176.2	11.232096865679177	5.023146424304192	[181.0, 184.0, 165.0, 190.0, 161.0]
152	541.4333200000001	174.0	0.2	0.4000000000000001	0.1788854381999832	[0.0, 1.0, 0.0, 0.0, 0.0]
153	541.43298	145	162.8	17.05754964817632	7.628368108579974	[168.0, 179.0, 148.0, 181.0, 138.0]
154	541.4333200000001	175.0	0.0	0.0	0.0	[0.0, 0.0, 0.0, 0.0, 0.0]
155	541.43298	145	158.8	17.565876010037186	7.8556985685551854	[154.0, 169.0, 156.0, 184.0, 131.0]
156	541.4333200000001	176.0	0.0	0.0	0.0	[0.0, 0.0, 0.0, 0.0, 0.0]
157	541.43298	145	167.4	9.687104830649869	4.332204981299939	[175.0, 177.0, 151.0, 172.0, 162.0]
158	541.4333200000001	177.0	0.0	0.0	0.0	[0.0, 0.0, 0.0, 0.0, 0.0]
159	541.43298	145	189.0	11.882760622010357	5.314132102234568	[194.0, 175.0, 180.0, 209.0, 187.0]
160	541.4333200000001	178.0	0.0	0.0	0.0	[0.0, 0.0, 0.0, 0.0, 0.0]
161	541.43298	145	164.8	15.223665787188052	6.808230313378066	[140.0, 182.0, 165.0, 158.0, 179.0]
162	541.4333200000001	179.0	0.0	0.0	0.0	[0.0, 0.0, 0.0, 0.0, 0.0]
163	541.43298	145	148.2	11.106754701531857	4.967091704408124	[137.0, 162.0, 158.0, 150.0, 134.0]
164	541.4333200000001	180.0	0.0	0.0	0.0	[0.0, 0.0, 0.0, 0.0, 0.0]
165	541.43298	145	152.8	7.730459236035075	3.4571664698131035	[153.0, 157.0, 138.0, 156.0, 160.0]
166	541.43334	140.0	0.0	0.0	0.0	[0.0, 0.0, 0.0, 0.0, 0.0]
167	541.43298	145	146.8	14.386104406683556	6.433661476950742	[146.0, 165.0, 126.0, 160.0, 137.0]
168	541.43334	141.0	0.0	0.0	0.0	[0.0, 0.0, 0.0, 0.0, 0.0]
169	541.43298	145	124.4	16.007498243010993	7.158770844216205	[121.0, 150.0, 117.0, 102.0, 132.0]
170	541.43334	142.0	3.4	1.624807680927192	0.7266360849833979	[1.0, 4.0, 3.0, 6.0, 3.0]
171	541.43298	145	132.6	18.87432117984644	8.440853037460135	[105.0, 130.0, 121.0, 152.0, 155.0]
172	541.43334	143.0	0.4	0.48989794855663565	0.21908902300206645	[1.0, 0.0, 0.0, 0.0, 1.0]
173	541.43298	145	122.8	6.734983296193095	3.0119760955226718	[117.0, 121.0, 120.0, 136.0, 120.0]
174	541.43334	144.0	0.2	0.4	0.17888543819998318	[0.0, 0.0, 0.0, 1.0, 0.0]
175	541.43298	145	122.2	16.79761887887685	7.512123534660488	[143.0, 113.0, 134.0, 95.0, 126.0]
176	541.43334	145.0	0.0	0.0	0.0	[0.0, 0.0, 0.0, 0.0, 0.0]
177	541.43298	145	121.0	5.89915248150105	2.638181191654583	[128.0, 127.0, 112.0, 119.0, 119.0]
178	541.43334	146.0	0.2	0.4	0.17888543819998318	[0.0, 0.0, 0.0, 1.0, 0.0]
179	541.43298	145	143.2	7.934733769950949	3.5485208185947	[150.0, 143.0, 147.0, 148.0, 128.0]
180	541.43334	147.0	0.2	0.4000000000000001	0.1788854381999832	[0.0, 1.0, 0.0, 0.0, 0.0]
181	541.43298	145	146.4	9.478396488858229	4.238867773356465	[146.0, 159.0, 130.0, 151.0, 146.0]
182	541.43334	148.0	0.8	0.4000000000000001	0.1788854381999832	[1.0, 0.0, 1.0, 1.0, 1.0]
183	541.43298	145	150.0	7.874007874011811	3.521363372331802	[155.0, 158.0, 142.0, 139.0, 156.0]
184	541.43334	149.0	0.4	0.48989794855663565	0.21908902300206645	[0.0, 1.0, 0.0, 1.0, 0.0]
185	541.43298	145	146.4	4.841487374764082	2.165178976435897	[149.0, 144.0, 151.0, 138.0, 150.0]
186	541.43334	150.0	0.0	0.0	0.0	[0.0, 0.0, 0.0, 0.0, 0.0]
187	541.43298	145	135.6	12.893409169028958	5.766107872733565	[153.0, 126.0, 145.0, 117.0, 137.0]
188	541.43334	151.0	0.2	0.4	0.17888543819998318	[0.0, 0.0, 0.0, 1.0, 0.0]
189	541.43298	145	119.0	21.156559266572625	9.461500938011897	[108.0, 155.0, 93.0, 111.0, 128.0]
190	541.43334	152.0	0.8	0.7483314773547883	0.3346640106136302	[1.0, 2.0, 1.0, 0.0, 0.0]
191	541.43298	145	135.4	13.169662106523463	5.889651942177908	[132.0, 144.0, 156.0, 119.0, 126.0]
192	541.43334	153.0	0.0	0.0	0.0	[0.0, 0.0, 0.0, 0.0, 0.0]
193	541.43298	145	138.4	11.394735626595292	5.095880689341146	[159.0, 136.0, 138.0, 124.0, 135.0]
194	541.43334	154.0	0.4	0.48989794855663565	0.21908902300206645	[1.0, 0.0, 0.0, 1.0, 0.0]
195	541.43298	145	147.0	10.564090116995406	4.724404724407086	[155.0, 138.0, 153.0, 131.0, 158.0]
196	541.43334	155.0	0.0	0.0	0.0	[0.0, 0.0, 0.0, 0.0, 0.0]
197	541.43298	145	137.2	2.1354156504062622	0.9549869109050657	[135.0, 136.0, 138.0, 141.0, 136.0]
198	541.43334	156.0	0.0	0.0	0.0	[0.0, 0.0, 0.0, 0.0, 0.0]
199	541.43298	145	125.2	19.69162258423617	8.80636133712443	[142.0, 129.0, 148.0, 94.0, 113.0]
200	541.43334	157.0	0.0	0.0	0.0	[0.0, 0.0, 0.0, 0.0, 0.0]
201	541.43298	145	107.6	11.235657524150511	5.024738799181505	[105.0, 101.0, 113.0, 93.0, 126.0]
202	541.43334	158.0	0.0	0.0	0.0	[0.0, 0.0, 0.0, 0.0, 0.0]
203	541.43298	145	106.6	10.49952379872535	4.695529789065341	[104.0, 97.0, 108.0, 126.0, 98.0]
204	541.43334	159.0	0.0	0.0	0.0	[0.0, 0.0, 0.0, 0.0, 0.0]
205	541.43298	145	111.8	15.778466338652818	7.056344662783983	[116.0, 126.0, 90.0, 97.0, 130.0]
206	541.43334	160.0	0.0	0.0	0.0	[0.0, 0.0, 0.0, 0.0, 0.0]
207	541.43298	145	117.0	9.011104260855047	4.029888335921976	[130.0, 105.0, 109.0, 122.0, 119.0]
208	541.43334	161.0	0.0	0.0	0.0	[0.0, 0.0, 0.0, 0.0, 0.0]
209	541.43298	145	128.0	7.874007874011811	3.521363372331802	[138.0, 134.0, 117.0, 121.0, 130.0]
210	541.43334	162.0	0.0	0.0	0.0	[0.0, 0.0, 0.0, 0.0, 0.0]
211	541.43298	145	111.4	17.036431551237484	7.618923808517841	[104.0, 132.0, 100.0, 131.0, 90.0]
212	541.43334	163.0	0.0	0.0	0.0	[0.0, 0.0, 0.0, 0.0, 0.0]
213	541.43298	145	119.0	8.07465169527454	3.6110940170535573	[117.0, 129.0, 124.0, 105.0, 120.0]
214	541.43334	164.0	0.0	0.0	0.0	[0.0, 0.0, 0.0, 0.0, 0.0]
215	541.43298	145	109.4	6.1838499334961226	2.7655017627909766	[102.0, 106.0, 106.0, 114.0, 119.0]
216	541.43334	165.0	0.0	0.0	0.0	[0.0, 0.0, 0.0, 0.0, 0.0]
217	541.43298	145	88.8	11.7881296226331	5.271811832757311	[102.0, 104.0, 77.0, 83.0, 78.0]
218	541.43334	166.0	0.0	0.0	0.0	[0.0, 0.0, 0.0, 0.0, 0.0]
219	541.43298	145	90.6	8.593020423576334	3.842915559832144	[83.0, 94.0, 90.0, 105.0, 81.0]
220	541.43334	167.0	0.0	0.0	0.0	[0.0, 0.0, 0.0, 0.0, 0.0]
221	541.43298	145	87.6	7.683749084919419	3.436277055186325	[79.0, 90.0, 99.0, 91.0, 79.0]
222	541.43334	168.0	0.0	0.0	0.0	[0.0, 0.0, 0.0, 0.0, 0.0]
223	541.43298	145	91.6	9.810198774744578	4.387254266622804	[88.0, 108.0, 96.0, 79.0, 87.0]
224	541.43334	169.0	0.0	0.0	0.0	[0.0, 0.0, 0.0, 0.0, 0.0]
225	541.43298	145	86.0	11.523888232710346	5.15363949069005	[88.0, 98.0, 90.0, 90.0, 64.0]
226	541.43334	170.0	0.0	0.0	0.0	[0.0, 0.0, 0.0, 0.0, 0.0]
227	541.43298	145	64.2	7.413501197140255	3.315418525616336	[73.0, 69.0, 64.0, 64.0, 51.0]
228	541.43334	171.0	0.0	0.0	0.0	[0.0, 0.0, 0.0, 0.0, 0.0]
229	541.43298	145	62.0	6.387487769068525	2.85657137141714	[71.0, 63.0, 63.0, 51.0, 62.0]
230	541.43334	172.0	0.0	0.0	0.0	[0.0, 0.0, 0.0, 0.0, 0.0]
231	541.43298	145	69.4	8.593020423576334	3.842915559832144	[75.0, 55.0, 77.0, 64.0, 76.0]
232	541.43334	173.0	0.0	0.0	0.0	[0.0, 0.0, 0.0, 0.0, 0.0]
233	541.43298	145	70.2	7.652450587883597	3.42227994179319	[76.0, 60.0, 81.0, 70.0, 64.0]
234	541.43334	174.0	0.0	0.0	0.0	[0.0, 0.0, 0.0, 0.0, 0.0]
235	541.43298	145	68.2	13.541048703848604	6.055741077688179	[67.0, 65.0, 47.0, 89.0, 73.0]
236	541.43334	175.0	0.0	0.0	0.0	[0.0, 0.0, 0.0, 0.0, 0.0]
237	541.43298	145	77.4	11.253443917308159	5.032693116016513	[69.0, 83.0, 75.0, 96.0, 64.0]
238	541.43334	176.0	0.0	0.0	0.0	[0.0, 0.0, 0.0, 0.0, 0.0]
239	541.43298	145	59.0	15.427248620541512	6.899275324264136	[71.0, 68.0, 37.0, 75.0, 44.0]
240	541.43334	177.0	0.0	0.0	0.0	[0.0, 0.0, 0.0, 0.0, 0.0]
241	541.43298	145	65.6	10.707007051459339	4.788319120526534	[84.0, 54.0, 63.0, 57.0, 70.0]
242	541.43334	178.0	0.0	0.0	0.0	[0.0, 0.0, 0.0, 0.0, 0.0]
243	541.43298	145	72.4	9.520504188329523	4.257698909035255	[86.0, 68.0, 59.0, 80.0, 69.0]
244	541.43334	179.0	0.0	0.0	0.0	[0.0, 0.0, 0.0, 0.0, 0.0]
245	541.43298	145	81.4	5.851495535331117	2.61686835740738	[70.0, 82.0, 84.0, 86.0, 85.0]
246	541.43334	180.0	0.0	0.0	0.0	[0.0, 0.0, 0.0, 0.0, 0.0]
247	541.43298	145	74.0	12.24744871391589	5.477225575051661	[82.0, 68.0, 65.0, 94.0, 61.0]
248	541.43336	140.0	0.0	0.0	0.0	[0.0, 0.0, 0.0, 0.0, 0.0]
249	541.43298	145	81.2	2.9257477676655586	1.30843417870369	[80.0, 87.0, 80.0, 79.0, 80.0]
250	541.43336	141.0	0.2	0.4	0.17888543819998318	[0.0, 0.0, 0.0, 0.0, 1.0]
251	541.43298	145	66.2	11.737120600896969	5.24899990474376	[84.0, 51.0, 68.0, 56.0, 72.0]
252	541.43336	142.0	3.8	0.7483314773547882	0.33466401061363016	[4.0, 5.0, 3.0, 3.0, 4.0]
253	541.43298	145	58.4	8.522910301065007	3.811561359862911	[63.0, 71.0, 46.0, 59.0, 53.0]
254	541.43336	143.0	1.6	1.3564659966250538	0.6066300355241241	[0.0, 1.0, 1.0, 2.0, 4.0]
255	541.43298	145	66.8	6.64529909033446	2.9718680993610738	[68.0, 77.0, 63.0, 57.0, 69.0]
256	541.43336	144.0	0.2	0.4000000000000001	0.1788854381999832	[0.0, 0.0, 1.0, 0.0, 0.0]
257	541.43298	145	67.0	7.4565407529228995	3.334666400106613	[78.0, 67.0, 65.0, 70.0, 55.0]
258	541.43336	145.0	0.4	0.48989794855663565	0.21908902300206645	[1.0, 1.0, 0.0, 0.0, 0.0]
259	541.43298	145	70.6	15.47384890710776	6.920115605970755	[79.0, 91.0, 52.0, 78.0, 53.0]
260	541.43336	146.0	0.2	0.4000000000000001	0.1788854381999832	[1.0, 0.0, 0.0, 0.0, 0.0]
261	541.43298	145	58.4	3.9293765408777004	1.7572706109191039	[64.0, 60.0, 60.0, 53.0, 55.0]
262	541.43336	147.0	0.2	0.4000000000000001	0.1788854381999832	[0.0, 1.0, 0.0, 0.0, 0.0]
263	541.43298	145	59.0	10.936178491593852	4.890807704254993	[77.0, 57.0, 64.0, 52.0, 45.0]
264	541.43336	148.0	0.4	0.48989794855663565	0.21908902300206645	[1.0, 0.0, 1.0, 0.0, 0.0]
265	541.43298	145	56.4	12.092973166264779	5.408142009969782	[76.0, 42.0, 62.0, 46.0, 56.0]
266	541.43336	149.0	0.4	0.48989794855663565	0.21908902300206645	[0.0, 0.0, 1.0, 0.0, 1.0]
267	541.43298	145	55.4	5.122499389946279	2.2908513701242166	[51.0, 63.0, 49.0, 59.0, 55.0]
268	541.43336	150.0	0.8	0.4000000000000001	0.1788854381999832	[0.0, 1.0, 1.0, 1.0, 1.0]
269	541.43298	145	56.4	7.605261336732618	3.4011762671170103	[66.0, 65.0, 48.0, 53.0, 50.0]
270	541.43336	151.0	0.2	0.4000000000000001	0.1788854381999832	[0.0, 0.0, 1.0, 0.0, 0.0]
271	541.43298	145	54.4	12.658593918757328	5.661095300381366	[68.0, 54.0, 47.0, 35.0, 68.0]
272	541.43336	152.0	0.2	0.4	0.17888543819998318	[0.0, 0.0, 0.0, 1.0, 0.0]
273	541.43298	145	55.8	6.8527366796047255	3.0646370095004722	[62.0, 55.0, 43.0, 61.0, 58.0]
274	541.43336	153.0	0.2	0.4	0.17888543819998318	[0.0, 0.0, 0.0, 1.0, 0.0]
275	541.43298	145	63.0	9.186947262284681	4.1085277168348275	[63.0, 79.0, 54.0, 54.0, 65.0]
276	541.43336	154.0	0.0	0.0	0.0	[0.0, 0.0, 0.0, 0.0, 0.0]
277	541.43298	145	53.8	4.261455150532504	1.9057806799314554	[56.0, 59.0, 47.0, 56.0, 51.0]
278	541.43336	155.0	0.2	0.4000000000000001	0.1788854381999832	[0.0, 0.0, 1.0, 0.0, 0.0]
279	541.43298	145	59.8	10.166612021711067	4.546647116282503	[71.0, 63.0, 45.0, 51.0, 69.0]
280	541.43336	156.0	0.4	0.48989794855663565	0.21908902300206645	[0.0, 1.0, 0.0, 0.0, 1.0]
281	541.43298	145	50.8	4.1182520563948	1.841738309315414	[52.0, 55.0, 53.0, 51.0, 43.0]
282	541.43336	157.0	0.0	0.0	0.0	[0.0, 0.0, 0.0, 0.0, 0.0]
283	541.43298	145	49.0	9.033271832508971	4.03980197534483	[40.0, 55.0, 50.0, 62.0, 38.0]
284	541.43336	158.0	0.0	0.0	0.0	[0.0, 0.0, 0.0, 0.0, 0.0]
285	541.43298	145	49.8	8.471127433818948	3.7884033576165037	[64.0, 42.0, 55.0, 43.0, 45.0]
286	541.43336	159.0	0.0	0.0	0.0	[0.0, 0.0, 0.0, 0.0, 0.0]
287	541.43298	145	53.6	9.350935782048769	4.181865612379241	[70.0, 45.0, 48.0, 58.0, 47.0]
288	541.43336	160.0	0.0	0.0	0.0	[0.0, 0.0, 0.0, 0.0, 0.0]
289	541.43298	145	52.8	1.9390719429665317	0.867179335547152	[53.0, 52.0, 50.0, 56.0, 53.0]
290	541.43336	161.0	0.0	0.0	0.0	[0.0, 0.0, 0.0, 0.0, 0.0]
291	541.43298	145	58.4	9.00222194794152	4.025916044827562	[65.0, 47.0, 52.0, 72.0, 56.0]
292	541.43336	162.0	0.2	0.4000000000000001	0.1788854381999832	[0.0, 0.0, 1.0, 0.0, 0.0]
293	541.43298	145	61.2	7.332121111929345	3.2790242451070717	[68.0, 56.0, 72.0, 54.0, 56.0]
294	541.43336	163.0	0.0	0.0	0.0	[0.0, 0.0, 0.0, 0.0, 0.0]
295	541.43298	145	69.4	7.49933330370107	3.3538038106007333	[72.0, 77.0, 75.0, 67.0, 56.0]
296	541.43336	164.0	0.2	0.4000000000000001	0.1788854381999832	[0.0, 0.0, 1.0, 0.0, 0.0]
297	541.43298	145	71.8	9.927738916792684	4.4398198161637135	[77.0, 72.0, 68.0, 86.0, 56.0]
298	541.43336	165.0	0.0	0.0	0.0	[0.0, 0.0, 0.0, 0.0, 0.0]
299	541.43298	145	78.4	9.243376006633074	4.13376341848442	[74.0, 80.0, 64.0, 82.0, 92.0]
300	541.43336	166.0	0.0	0.0	0.0	[0.0, 0.0, 0.0, 0.0, 0.0]
301	541.43298	145	77.8	9.867117106835208	4.412708918566915	[82.0, 89.0, 61.0, 73.0, 84.0]
302	541.43336	167.0	0.0	0.0	0.0	[0.0, 0.0, 0.0, 0.0, 0.0]
303	541.43298	145	82.6	4.586937976471886	2.0513410247932935	[87.0, 77.0, 89.0, 80.0, 80.0]
304	541.43336	168.0	0.0	0.0	0.0	[0.0, 0.0, 0.0, 0.0, 0.0]
305	541.43298	145	77.8	11.285388783732708	5.046979294588001	[76.0, 100.0, 71.0, 72.0, 70.0]
306	541.43336	169.0	0.0	0.0	0.0	[0.0, 0.0, 0.0, 0.0, 0.0]
307	541.43298	145	65.4	5.161395160225576	2.308246087400561	[72.0, 63.0, 71.0, 62.0, 59.0]
308	541.43336	170.0	0.0	0.0	0.0	[0.0, 0.0, 0.0, 0.0, 0.0]
309	541.43298	145	63.0	12.976902558006667	5.803447251418763	[75.0, 51.0, 56.0, 82.0, 51.0]
310	541.43336	171.0	0.0	0.0	0.0	[0.0, 0.0, 0.0, 0.0, 0.0]
311	541.43298	145	77.6	8.212186067059124	3.6726012579641694	[78.0, 71.0, 86.0, 66.0, 87.0]
312	541.43336	172.0	0.0	0.0	0.0	[0.0, 0.0, 0.0, 0.0, 0.0]
313	541.43298	145	109.0	8.246211251235321	3.6878177829171546	[116.0, 102.0, 120.0, 109.0, 98.0]
314	541.43336	173.0	0.0	0.0	0.0	[0.0, 0.0, 0.0, 0.0, 0.0]
315	541.43298	145	90.4	14.347125147568763	6.416229422332091	[117.0, 87.0, 90.0, 74.0, 84.0]
316	541.43336	174.0	0.0	0.0	0.0	[0.0, 0.0, 0.0, 0.0, 0.0]
317	541.43298	145	103.4	9.264987857520376	4.14342853202514	[110.0, 113.0, 87.0, 107.0, 100.0]
318	541.43336	175.0	0.0	0.0	0.0	[0.0, 0.0, 0.0, 0.0, 0.0]
319	541.43298	145	92.2	7.573638491504594	3.387034100802647	[78.0, 96.0, 99.0, 91.0, 97.0]
320	541.43336	176.0	0.0	0.0	0.0	[0.0, 0.0, 0.0, 0.0, 0.0]
321	541.43298	145	122.8	11.338430226446693	5.070700148894628	[144.0, 123.0, 120.0, 116.0, 111.0]
322	541.43336	177.0	0.0	0.0	0.0	[0.0, 0.0, 0.0, 0.0, 0.0]
323	541.43298	145	135.0	10.0	4.47213595499958	[152.0, 135.0, 124.0, 138.0, 126.0]
324	541.43336	178.0	0.0	0.0	0.0	[0.0, 0.0, 0.0, 0.0, 0.0]
325	541.43298	145	124.4	21.265935201631738	9.510415343190852	[117.0, 139.0, 128.0, 150.0, 88.0]
326	541.43336	179.0	0.0	0.0	0.0	[0.0, 0.0, 0.0, 0.0, 0.0]
327	541.43298	145	140.8	11.01635148313633	4.926662156064692	[144.0, 144.0, 120.0, 153.0, 143.0]
328	541.43336	180.0	0.0	0.0	0.0	[0.0, 0.0, 0.0, 0.0, 0.0]
329	541.43298	145	129.6	11.77454882362802	5.265738314804487	[118.0, 125.0, 150.0, 135.0, 120.0]
330	541.43338	140.0	0.0	0.0	0.0	[0.0, 0.0, 0.0, 0.0, 0.0]
331	541.43298	145	115.8	11.702991070662236	5.233736714814761	[93.0, 122.0, 126.0, 118.0, 120.0]
332	541.43338	141.0	0.0	0.0	0.0	[0.0, 0.0, 0.0, 0.0, 0.0]
333	541.43298	145	109.8	3.655133376499413	1.634625339336204	[113.0, 106.0, 106.0, 109.0, 115.0]
334	541.43338	142.0	2.4	1.624807680927192	0.7266360849833979	[0.0, 5.0, 3.0, 2.0, 2.0]
335	541.43298	145	111.2	14.076931483814219	6.295395142483114	[116.0, 136.0, 104.0, 95.0, 105.0]
336	541.43338	143.0	1.2	1.4696938456699067	0.6572670690061992	[0.0, 1.0, 4.0, 1.0, 0.0]
337	541.43298	145	107.6	8.777243302996677	3.9253025361110705	[104.0, 102.0, 123.0, 111.0, 98.0]
338	541.43338	144.0	0.0	0.0	0.0	[0.0, 0.0, 0.0, 0.0, 0.0]
339	541.43298	145	126.2	12.480384609458156	5.58139767441812	[121.0, 151.0, 122.0, 119.0, 118.0]
340	541.43338	145.0	0.0	0.0	0.0	[0.0, 0.0, 0.0, 0.0, 0.0]
341	541.43298	145	119.6	6.770524351924302	3.0278705388440894	[133.0, 116.0, 116.0, 115.0, 118.0]
342	541.43338	146.0	0.0	0.0	0.0	[0.0, 0.0, 0.0, 0.0, 0.0]
343	541.43298	145	117.4	14.732277488562318	6.5884747855630446	[114.0, 145.0, 111.0, 116.0, 101.0]
344	541.43338	147.0	0.4	0.48989794855663565	0.21908902300206645	[0.0, 1.0, 0.0, 1.0, 0.0]
345	541.43298	145	121.2	11.513470371699404	5.148980481609927	[130.0, 132.0, 101.0, 127.0, 116.0]
346	541.43338	148.0	0.8	0.7483314773547883	0.3346640106136302	[1.0, 0.0, 1.0, 2.0, 0.0]
347	541.43298	145	136.8	11.617228585166083	5.195382565317013	[153.0, 136.0, 128.0, 146.0, 121.0]
348	541.43338	149.0	0.4	0.8000000000000002	0.3577708763999664	[2.0, 0.0, 0.0, 0.0, 0.0]
349	541.43298	145	153.0	21.69792616818483	9.703607576566561	[192.0, 145.0, 126.0, 155.0, 147.0]
350	541.43338	150.0	0.8	0.4000000000000001	0.1788854381999832	[0.0, 1.0, 1.0, 1.0, 1.0]
351	541.43298	145	144.6	14.554724318928201	6.509070594178557	[169.0, 134.0, 140.0, 152.0, 128.0]
352	541.43338	151.0	0.6	0.48989794855663565	0.21908902300206645	[1.0, 1.0, 0.0, 0.0, 1.0]
353	541.43298	145	126.2	13.105723940324701	5.861057924982485	[137.0, 126.0, 106.0, 143.0, 119.0]
354	541.43338	152.0	0.2	0.4	0.17888543819998318	[0.0, 0.0, 0.0, 1.0, 0.0]
355	541.43298	145	136.0	8.831760866327848	3.9496835316263	[123.0, 132.0, 139.0, 150.0, 136.0]
356	541.43338	153.0	0.2	0.4	0.17888543819998318	[0.0, 0.0, 0.0, 0.0, 1.0]
357	541.43298	145	131.2	15.038616957685969	6.725473960993381	[133.0, 140.0, 150.0, 105.0, 128.0]
358	541.43338	154.0	0.0	0.0	0.0	[0.0, 0.0, 0.0, 0.0, 0.0]
359	541.43298	145	120.0	12.77497553813705	5.71314274283428	[121.0, 129.0, 109.0, 103.0, 138.0]
360	541.43338	155.0	0.2	0.4000000000000001	0.1788854381999832	[1.0, 0.0, 0.0, 0.0, 0.0]
361	541.43298	145	137.8	7.054076835419359	3.1546790645008564	[138.0, 137.0, 136.0, 150.0, 128.0]
362	541.43338	156.0	0.2	0.4	0.17888543819998318	[0.0, 0.0, 0.0, 0.0, 1.0]
363	541.43298	145	144.2	9.260669522232181	4.141497313774331	[128.0, 142.0, 148.0, 147.0, 156.0]
364	541.43338	157.0	0.2	0.4000000000000001	0.1788854381999832	[0.0, 1.0, 0.0, 0.0, 0.0]
365	541.43298	145	140.0	9.85900603509299	4.409081537009721	[134.0, 159.0, 135.0, 132.0, 140.0]
366	541.43338	158.0	0.0	0.0	0.0	[0.0, 0.0, 0.0, 0.0, 0.0]
367	541.43298	145	155.8	20.252407264322926	9.057151870207322	[165.0, 120.0, 169.0, 177.0, 148.0]
368	541.43338	159.0	0.0	0.0	0.0	[0.0, 0.0, 0.0, 0.0, 0.0]
369	541.43298	145	135.6	10.36532681587995	4.635515073861803	[147.0, 147.0, 130.0, 120.0, 134.0]
370	541.43338	160.0	0.2	0.4	0.17888543819998318	[0.0, 0.0, 0.0, 1.0, 0.0]
371	541.43298	145	139.2	15.942396306703706	7.129656373206214	[162.0, 120.0, 141.0, 123.0, 150.0]
372	541.43338	161.0	0.0	0.0	0.0	[0.0, 0.0, 0.0, 0.0, 0.0]
373	541.43298	145	150.6	15.615377036754508	6.983408909694462	[166.0, 171.0, 148.0, 136.0, 132.0]
374	541.43338	162.0	0.0	0.0	0.0	[0.0, 0.0, 0.0, 0.0, 0.0]
375	541.43298	145	150.0	8.0	3.5777087639996634	[159.0, 156.0, 153.0, 145.0, 137.0]
376	541.43338	163.0	0.0	0.0	0.0	[0.0, 0.0, 0.0, 0.0, 0.0]
377	541.43298	145	140.6	12.815615474880634	5.731317475066269	[142.0, 133.0, 165.0, 132.0, 131.0]
378	541.43338	164.0	0.0	0.0	0.0	[0.0, 0.0, 0.0, 0.0, 0.0]
379	541.43298	145	149.0	13.711309200802088	6.131883886702356	[156.0, 152.0, 130.0, 138.0, 169.0]
380	541.43338	165.0	0.0	0.0	0.0	[0.0, 0.0, 0.0, 0.0, 0.0]
381	541.43298	145	155.6	14.513442045221389	6.49060860012372	[161.0, 155.0, 180.0, 142.0, 140.0]
382	541.43338	166.0	0.0	0.0	0.0	[0.0, 0.0, 0.0, 0.0, 0.0]
383	541.43298	145	142.2	10.961751684835777	4.902244383953129	[160.0, 136.0, 148.0, 139.0, 128.0]
384	541.43338	167.0	0.0	0.0	0.0	[0.0, 0.0, 0.0, 0.0, 0.0]
385	541.43298	145	167.2	9.042123644365851	4.043760625952035	[179.0, 165.0, 173.0, 167.0, 152.0]
386	541.43338	168.0	0.0	0.0	0.0	[0.0, 0.0, 0.0, 0.0, 0.0]
387	541.43298	145	177.8	8.352245207128439	3.7352376095772	[175.0, 175.0, 187.0, 187.0, 165.0]
388	541.43338	169.0	0.2	0.4	0.17888543819998318	[0.0, 0.0, 0.0, 0.0, 1.0]
389	541.43298	145	171.2	7.025667228100119	3.141973901864877	[168.0, 181.0, 172.0, 160.0, 175.0]
390	541.43338	170.0	0.0	0.0	0.0	[0.0, 0.0, 0.0, 0.0, 0.0]
391	541.43298	145	162.0	13.92838827718412	6.2289646009589745	[168.0, 139.0, 160.0, 182.0, 161.0]
392	541.43338	171.0	0.0	0.0	0.0	[0.0, 0.0, 0.0, 0.0, 0.0]
393	541.43298	145	193.4	5.314132102234569	2.3765521244020715	[196.0, 202.0, 193.0, 189.0, 187.0]
394	541.43338	172.0	0.0	0.0	0.0	[0.0, 0.0, 0.0, 0.0, 0.0]
395	541.43298	145	201.0	11.679041056525147	5.223025942880239	[208.0, 199.0, 218.0, 197.0, 183.0]
396	541.43338	173.0	0.0	0.0	0.0	[0.0, 0.0, 0.0, 0.0, 0.0]
397	541.43298	145	194.4	13.184839779079606	5.896439603693062	[218.0, 183.0, 181.0, 196.0, 194.0]
398	541.43338	174.0	0.0	0.0	0.0	[0.0, 0.0, 0.0, 0.0, 0.0]
399	541.43298	145	182.2	10.870142593360953	4.861275552774189	[192.0, 197.0, 177.0, 167.0, 178.0]
400	541.43338	175.0	0.0	0.0	0.0	[0.0, 0.0, 0.0, 0.0, 0.0]
401	541.43298	145	174.8	19.197916553626335	8.585569288055394	[210.0, 157.0, 176.0, 173.0, 158.0]
402	541.43338	176.0	0.0	0.0	0.0	[0.0, 0.0, 0.0, 0.0, 0.0]
403	541.43298	145	170.8	12.056533498481228	5.391845695121476	[171.0, 186.0, 174.0, 174.0, 149.0]
404	541.43338	177.0	0.2	0.4000000000000001	0.1788854381999832	[0.0, 1.0, 0.0, 0.0, 0.0]
405	541.43298	145	191.2	13.151425778218876	5.881496408228095	[185.0, 211.0, 172.0, 189.0, 199.0]
406	541.43338	178.0	0.0	0.0	0.0	[0.0, 0.0, 0.0, 0.0, 0.0]
407	541.43298	145	189.4	4.841487374764082	2.165178976435897	[197.0, 184.0, 193.0, 186.0, 187.0]
408	541.43338	179.0	0.0	0.0	0.0	[0.0, 0.0, 0.0, 0.0, 0.0]
409	541.43298	145	197.6	18.948350851723216	8.47396011319383	[185.0, 230.0, 207.0, 189.0, 177.0]
410	541.43338	180.0	0.0	0.0	0.0	[0.0, 0.0, 0.0, 0.0, 0.0]
411	541.43298	145	196.6	17.76063061943466	7.94279547766402	[169.0, 225.0, 194.0, 197.0, 198.0]
412	541.4334	140.0	0.0	0.0	0.0	[0.0, 0.0, 0.0, 0.0, 0.0]
413	541.43298	145	212.6	12.658593918757328	5.661095300381366	[219.0, 218.0, 190.0, 227.0, 209.0]
414	541.4334	141.0	0.0	0.0	0.0	[0.0, 0.0, 0.0, 0.0, 0.0]
415	541.43298	145	188.6	19.955951493226273	8.924572818908475	[162.0, 211.0, 184.0, 174.0, 212.0]
416	541.4334	142.0	2.6	0.8	0.35777087639996635	[3.0, 4.0, 2.0, 2.0, 2.0]
417	541.43298	145	209.2	16.497272501841024	7.377804551490911	[197.0, 230.0, 223.0, 211.0, 185.0]
418	541.4334	143.0	0.0	0.0	0.0	[0.0, 0.0, 0.0, 0.0, 0.0]
419	541.43298	145	193.4	9.810198774744578	4.387254266622804	[191.0, 196.0, 211.0, 184.0, 185.0]
420	541.4334	144.0	0.2	0.4000000000000001	0.1788854381999832	[0.0, 1.0, 0.0, 0.0, 0.0]
421	541.43298	145	195.4	12.531560158256434	5.6042840755978816	[193.0, 198.0, 185.0, 183.0, 218.0]
422	541.4334	145.0	0.2	0.4000000000000001	0.1788854381999832	[1.0, 0.0, 0.0, 0.0, 0.0]
423	541.43298	145	209.8	10.476640682967037	4.685296148590823	[200.0, 224.0, 198.0, 207.0, 220.0]
424	541.4334	146.0	1.0	0.8944271909999159	0.39999999999999997	[2.0, 1.0, 0.0, 2.0, 0.0]
425	541.43298	145	220.4	13.676256797823008	6.116207975535168	[201.0, 231.0, 238.0, 209.0, 223.0]
426	541.4334	147.0	1.0	1.2649110640673518	0.565685424949238	[0.0, 2.0, 0.0, 0.0, 3.0]
427	541.43298	145	212.8	6.794115100585211	3.0384206423732705	[203.0, 210.0, 214.0, 224.0, 213.0]
428	541.4334	148.0	0.8	1.1661903789690602	0.521536192416212	[0.0, 3.0, 0.0, 1.0, 0.0]
429	541.43298	145	231.2	11.855800268223145	5.302075065481438	[218.0, 250.0, 233.0, 236.0, 219.0]
430	541.4334	149.0	0.6	0.48989794855663565	0.21908902300206645	[0.0, 0.0, 1.0, 1.0, 1.0]
431	541.43298	145	219.6	5.122499389946279	2.2908513701242166	[228.0, 220.0, 218.0, 212.0, 220.0]
432	541.4334	150.0	0.4	0.8	0.35777087639996635	[0.0, 0.0, 0.0, 2.0, 0.0]
433	541.43298	145	218.6	7.116178749862878	3.1824518849465733	[230.0, 208.0, 217.0, 217.0, 221.0]
434	541.4334	151.0	1.0	1.0954451150103321	0.48989794855663554	[0.0, 1.0, 0.0, 1.0, 3.0]
435	541.43298	145	206.6	13.335666462535722	5.963891347098805	[227.0, 216.0, 189.0, 200.0, 201.0]
436	541.4334	152.0	0.4	0.48989794855663565	0.21908902300206645	[1.0, 0.0, 0.0, 0.0, 1.0]
437	541.43298	145	186.6	13.395521639712282	5.990659396093221	[193.0, 186.0, 165.0, 183.0, 206.0]
438	541.4334	153.0	0.2	0.4000000000000001	0.1788854381999832	[0.0, 1.0, 0.0, 0.0, 0.0]
439	541.43298	145	189.6	10.89219904335208	4.871139497078686	[175.0, 200.0, 190.0, 203.0, 180.0]
440	541.4334	154.0	0.0	0.0	0.0	[0.0, 0.0, 0.0, 0.0, 0.0]
441	541.43298	145	187.8	15.866946776238962	7.095914317408292	[203.0, 210.0, 173.0, 182.0, 171.0]
442	541.4334	155.0	0.0	0.0	0.0	[0.0, 0.0, 0.0, 0.0, 0.0]
443	541.43298	145	197.8	11.754148203932091	5.256614880319844	[178.0, 199.0, 198.0, 215.0, 199.0]
444	541.4334	156.0	0.2	0.4000000000000001	0.1788854381999832	[0.0, 0.0, 1.0, 0.0, 0.0]
445	541.43298	145	195.2	6.675327707311454	2.9852973051272462	[199.0, 189.0, 188.0, 206.0, 194.0]
446	541.4334	157.0	0.0	0.0	0.0	[0.0, 0.0, 0.0, 0.0, 0.0]
447	541.43298	145	204.6	18.249383551232626	8.161372433604534	[211.0, 172.0, 199.0, 224.0, 217.0]
448	541.4334	158.0	0.0	0.0	0.0	[0.0, 0.0, 0.0, 0.0, 0.0]
449	541.43298	145	220.8	20.242529486207992	9.052734393540993	[221.0, 209.0, 256.0, 223.0, 195.0]
450	541.4334	159.0	0.0	0.0	0.0	[0.0, 0.0, 0.0, 0.0, 0.0]
451	541.43298	145	213.4	13.514436725220923	6.043839839042726	[220.0, 205.0, 227.0, 191.0, 224.0]
452	541.4334	160.0	0.2	0.4000000000000001	0.1788854381999832	[0.0, 0.0, 1.0, 0.0, 0.0]
453	541.43298	145	225.2	12.82809416865966	5.73689811657833	[227.0, 234.0, 232.0, 233.0, 200.0]
454	541.4334	161.0	0.2	0.4	0.17888543819998318	[0.0, 0.0, 0.0, 0.0, 1.0]
455	541.43298	145	226.4	9.707728879609277	4.341428336388843	[221.0, 237.0, 236.0, 211.0, 227.0]
456	541.4334	162.0	0.2	0.4000000000000001	0.1788854381999832	[0.0, 1.0, 0.0, 0.0, 0.0]
457	541.43298	145	238.8	11.582745788456208	5.179961389817496	[235.0, 222.0, 258.0, 238.0, 241.0]
458	541.4334	163.0	0.0	0.0	0.0	[0.0, 0.0, 0.0, 0.0, 0.0]
459	541.43298	145	236.8	6.615134163416491	2.958377933936095	[240.0, 239.0, 227.0, 246.0, 232.0]
460	541.4334	164.0	0.0	0.0	0.0	[0.0, 0.0, 0.0, 0.0, 0.0]
461	541.43298	145	227.2	10.609429767899874	4.744681232706786	[208.0, 233.0, 238.0, 224.0, 233.0]
462	541.4334	165.0	0.0	0.0	0.0	[0.0, 0.0, 0.0, 0.0, 0.0]
463	541.43298	145	223.4	19.703806738800502	8.811810256695273	[241.0, 205.0, 210.0, 253.0, 208.0]
464	541.4334	166.0	0.0	0.0	0.0	[0.0, 0.0, 0.0, 0.0, 0.0]
465	541.43298	145	205.6	13.514436725220923	6.043839839042726	[200.0, 212.0, 205.0, 226.0, 185.0]
466	541.4334	167.0	0.0	0.0	0.0	[0.0, 0.0, 0.0, 0.0, 0.0]
467	541.43298	145	223.8	10.264501936285072	4.590424816942327	[216.0, 225.0, 211.0, 241.0, 226.0]
468	541.4334	168.0	0.2	0.4	0.17888543819998318	[0.0, 0.0, 0.0, 0.0, 1.0]
469	541.43298	145	222.6	6.343500610861482	2.8368997162395426	[233.0, 215.0, 221.0, 226.0, 218.0]
470	541.4334	169.0	0.0	0.0	0.0	[0.0, 0.0, 0.0, 0.0, 0.0]
471	541.43298	145	218.2	8.109253973085316	3.626568626125803	[228.0, 210.0, 226.0, 219.0, 208.0]
472	541.4334	170.0	0.0	0.0	0.0	[0.0, 0.0, 0.0, 0.0, 0.0]
473	541.43298	145	230.4	10.947145746723207	4.895712409854157	[237.0, 227.0, 248.0, 223.0, 217.0]
474	541.4334	171.0	0.0	0.0	0.0	[0.0, 0.0, 0.0, 0.0, 0.0]
475	541.43298	145	235.8	13.481839637082173	6.029261978053366	[221.0, 229.0, 251.0, 225.0, 253.0]
476	541.4334	172.0	0.0	0.0	0.0	[0.0, 0.0, 0.0, 0.0, 0.0]
477	541.43298	145	229.4	13.26046756340062	5.930261377038958	[236.0, 224.0, 252.0, 220.0, 215.0]
478	541.4334	173.0	0.0	0.0	0.0	[0.0, 0.0, 0.0, 0.0, 0.0]
479	541.43298	145	227.4	15.278743403827423	6.832861772346927	[225.0, 234.0, 232.0, 246.0, 200.0]
480	541.4334	174.0	0.0	0.0	0.0	[0.0, 0.0, 0.0, 0.0, 0.0]
481	541.43298	145	210.8	5.844655678480983	2.6138094804327263	[204.0, 221.0, 213.0, 208.0, 208.0]
482	541.4334	175.0	0.0	0.0	0.0	[0.0, 0.0, 0.0, 0.0, 0.0]
483	541.43298	145	210.0	11.47170431975999	5.130302135352264	[224.0, 224.0, 201.0, 202.0, 199.0]
484	541.4334	176.0	0.0	0.0	0.0	[0.0, 0.0, 0.0, 0.0, 0.0]
485	541.43298	145	212.4	13.99428454762872	6.258434308994542	[188.0, 224.0, 212.0, 210.0, 228.0]
486	541.4334	177.0	0.0	0.0	0.0	[0.0, 0.0, 0.0, 0.0, 0.0]
487	541.43298	145	222.4	16.414627622946554	7.340844638050856	[239.0, 229.0, 217.0, 193.0, 234.0]
488	541.4334	178.0	0.0	0.0	0.0	[0.0, 0.0, 0.0, 0.0, 0.0]
489	541.43298	145	223.0	18.05547008526779	8.07465169527454	[235.0, 237.0, 188.0, 224.0, 231.0]
490	541.4334	179.0	0.0	0.0	0.0	[0.0, 0.0, 0.0, 0.0, 0.0]
491	541.43298	145	235.6	8.114185110040317	3.628773897613352	[243.0, 239.0, 220.0, 236.0, 240.0]
492	541.4334	180.0	0.0	0.0	0.0	[0.0, 0.0, 0.0, 0.0, 0.0]
493	541.43298	145	226.0	12.617448236470002	5.642694391866353	[247.0, 230.0, 209.0, 225.0, 219.0]
494	541.4334200000001	140.0	0.0	0.0	0.0	[0.0, 0.0, 0.0, 0.0, 0.0]
495	541.43298	145	221.8	12.270289320142375	5.487440204685606	[232.0, 233.0, 204.0, 230.0, 210.0]
496	541.4334200000001	141.0	0.0	0.0	0.0	[0.0, 0.0, 0.0, 0.0, 0.0]
497	541.43298	145	211.8	22.37319825147938	10.005598432877465	[198.0, 255.0, 205.0, 192.0, 209.0]
498	541.4334200000001	142.0	3.0	1.0954451150103321	0.48989794855663554	[4.0, 3.0, 4.0, 3.0, 1.0]
499	541.43298	145	221.6	11.909659944767524	5.326161845081315	[221.0, 211.0, 244.0, 220.0, 212.0]
500	541.4334200000001	143.0	0.6	0.48989794855663565	0.21908902300206645	[1.0, 0.0, 1.0, 1.0, 0.0]
501	541.43298	145	217.4	4.2708313008125245	1.9099738218101314	[216.0, 218.0, 221.0, 210.0, 222.0]
502	541.4334200000001	144.0	0.2	0.4000000000000001	0.1788854381999832	[1.0, 0.0, 0.0, 0.0, 0.0]
503	541.43298	145	215.2	10.007996802557443	4.4757122338237965	[213.0, 215.0, 205.0, 234.0, 209.0]
504	541.4334200000001	145.0	0.2	0.4	0.17888543819998318	[0.0, 0.0, 0.0, 0.0, 1.0]
505	541.43298	145	219.2	11.08873302050329	4.959032163638384	[222.0, 234.0, 208.0, 227.0, 205.0]
506	541.4334200000001	146.0	0.2	0.4000000000000001	0.1788854381999832	[0.0, 1.0, 0.0, 0.0, 0.0]
507	541.43298	145	224.8	8.795453370918407	3.933446326060646	[238.0, 224.0, 216.0, 231.0, 215.0]
508	541.4334200000001	147.0	0.8	0.7483314773547883	0.3346640106136302	[1.0, 2.0, 1.0, 0.0, 0.0]
509	541.43298	145	225.6	10.26839812239475	4.592167244341173	[227.0, 211.0, 217.0, 236.0, 237.0]
510	541.4334200000001	148.0	1.2	0.9797958971132713	0.4381780460041329	[1.0, 0.0, 1.0, 1.0, 3.0]
511	541.43298	145	210.6	9.221713506718803	4.124075654010241	[218.0, 210.0, 193.0, 217.0, 215.0]
512	541.4334200000001	149.0	0.4	0.8000000000000002	0.3577708763999664	[0.0, 0.0, 2.0, 0.0, 0.0]
513	541.43298	145	212.2	11.889491158161478	5.317142089506354	[205.0, 225.0, 210.0, 195.0, 226.0]
514	541.4334200000001	150.0	0.6	0.48989794855663565	0.21908902300206645	[0.0, 1.0, 1.0, 1.0, 0.0]
515	541.43298	145	214.2	10.571660229122008	4.727790181469562	[228.0, 217.0, 221.0, 198.0, 207.0]
516	541.4334200000001	151.0	0.6	0.7999999999999999	0.3577708763999663	[0.0, 2.0, 0.0, 0.0, 1.0]
517	541.43298	145	218.0	17.944358444926362	8.024961059095553	[201.0, 250.0, 223.0, 202.0, 214.0]
518	541.4334200000001	152.0	0.4	0.48989794855663565	0.21908902300206645	[1.0, 0.0, 0.0, 0.0, 1.0]
519	541.43298	145	214.2	18.41086635658409	8.233589739597182	[241.0, 209.0, 184.0, 218.0, 219.0]
520	541.4334200000001	153.0	0.0	0.0	0.0	[0.0, 0.0, 0.0, 0.0, 0.0]
521	541.43298	145	214.6	12.986146464598342	5.807581252122091	[232.0, 220.0, 199.0, 200.0, 222.0]
522	541.4334200000001	154.0	0.4	0.48989794855663565	0.21908902300206645	[0.0, 0.0, 1.0, 0.0, 1.0]
523	541.43298	145	227.8	12.286578042726138	5.494724742878391	[232.0, 247.0, 227.0, 224.0, 209.0]
524	541.4334200000001	155.0	0.4	0.8000000000000002	0.3577708763999664	[0.0, 0.0, 2.0, 0.0, 0.0]
525	541.43298	145	239.6	12.642784503423286	5.6540251149070775	[225.0, 233.0, 251.0, 258.0, 231.0]
526	541.4334200000001	156.0	0.0	0.0	0.0	[0.0, 0.0, 0.0, 0.0, 0.0]
527	541.43298	145	225.8	16.228370220080635	7.257547795226704	[223.0, 254.0, 204.0, 228.0, 220.0]
528	541.4334200000001	157.0	0.4	0.48989794855663565	0.21908902300206645	[0.0, 1.0, 1.0, 0.0, 0.0]
529	541.43298	145	233.0	11.331372379372237	5.067543783727971	[225.0, 239.0, 240.0, 215.0, 246.0]
530	541.4334200000001	158.0	0.2	0.4000000000000001	0.1788854381999832	[1.0, 0.0, 0.0, 0.0, 0.0]
531	541.43298	145	238.0	22.262075374951007	9.955902771722913	[261.0, 268.0, 216.0, 229.0, 216.0]
532	541.4334200000001	159.0	0.0	0.0	0.0	[0.0, 0.0, 0.0, 0.0, 0.0]
533	541.43298	145	237.8	9.846826900072937	4.403634862247323	[240.0, 240.0, 254.0, 228.0, 227.0]
534	541.4334200000001	160.0	0.2	0.4000000000000001	0.1788854381999832	[0.0, 1.0, 0.0, 0.0, 0.0]
535	541.43298	145	226.8	18.755265927200284	8.38760990986109	[215.0, 253.0, 234.0, 234.0, 198.0]
536	541.4334200000001	161.0	0.2	0.4000000000000001	0.1788854381999832	[0.0, 1.0, 0.0, 0.0, 0.0]
537	541.43298	145	220.4	12.289833196589774	5.4961804919416535	[241.0, 211.0, 228.0, 209.0, 213.0]
538	541.4334200000001	162.0	0.0	0.0	0.0	[0.0, 0.0, 0.0, 0.0, 0.0]
539	541.43298	145	209.6	18.72538384119268	8.374246234736592	[184.0, 242.0, 211.0, 203.0, 208.0]
540	541.4334200000001	163.0	0.0	0.0	0.0	[0.0, 0.0, 0.0, 0.0, 0.0]
541	541.43298	145	206.4	15.844241856270688	7.085760368513742	[201.0, 181.0, 217.0, 228.0, 205.0]
542	541.4334200000001	164.0	0.2	0.4000000000000001	0.1788854381999832	[0.0, 1.0, 0.0, 0.0, 0.0]
543	541.43298	145	209.6	15.704776343520464	7.023389495108469	[192.0, 218.0, 203.0, 236.0, 199.0]
544	541.4334200000001	165.0	0.0	0.0	0.0	[0.0, 0.0, 0.0, 0.0, 0.0]
545	541.43298	145	216.2	16.054905792311583	7.179972144792764	[218.0, 234.0, 186.0, 222.0, 221.0]
546	541.4334200000001	166.0	0.0	0.0	0.0	[0.0, 0.0, 0.0, 0.0, 0.0]
547	541.43298	145	209.4	10.384603988597735	4.644136087583997	[208.0, 209.0, 214.0, 224.0, 192.0]
548	541.4334200000001	167.0	0.0	0.0	0.0	[0.0, 0.0, 0.0, 0.0, 0.0]
549	541.43298	145	225.2	15.171025014810304	6.7846886442931185	[228.0, 228.0, 245.0, 227.0, 198.0]
550	541.4334200000001	168.0	0.0	0.0	0.0	[0.0, 0.0, 0.0, 0.0, 0.0]
551	541.43298	145	237.0	10.198039027185569	4.560701700396551	[236.0, 242.0, 219.0, 238.0, 250.0]
552	541.4334200000001	169.0	0.0	0.0	0.0	[0.0, 0.0, 0.0, 0.0, 0.0]
553	541.43298	145	246.8	4.955804677345546	2.2163032283512107	[247.0, 243.0, 246.0, 242.0, 256.0]
554	541.4334200000001	170.0	0.0	0.0	0.0	[0.0, 0.0, 0.0, 0.0, 0.0]
555	541.43298	145	239.0	22.759613353482084	10.178408519999577	[221.0, 280.0, 228.0, 247.0, 219.0]
556	541.4334200000001	171.0	0.0	0.0	0.0	[0.0, 0.0, 0.0, 0.0, 0.0]
557	541.43298	145	253.6	12.768711759609895	5.710341495917735	[239.0, 273.0, 257.0, 240.0, 259.0]
558	541.4334200000001	172.0	0.0	0.0	0.0	[0.0, 0.0, 0.0, 0.0, 0.0]
559	541.43298	145	236.2	16.265300489077966	7.274063513607781	[240.0, 261.0, 227.0, 241.0, 212.0]
560	541.4334200000001	173.0	0.0	0.0	0.0	[0.0, 0.0, 0.0, 0.0, 0.0]
561	541.43298	145	249.6	7.964923100695951	3.5620218977429094	[254.0, 238.0, 244.0, 261.0, 251.0]
562	541.4334200000001	174.0	0.0	0.0	0.0	[0.0, 0.0, 0.0, 0.0, 0.0]
563	541.43298	145	244.4	5.748043145279966	2.5706030420895405	[254.0, 245.0, 244.0, 236.0, 243.0]
564	541.4334200000001	175.0	0.0	0.0	0.0	[0.0, 0.0, 0.0, 0.0, 0.0]
565	541.43298	145	223.4	8.260750571225353	3.6943199644860214	[217.0, 224.0, 213.0, 237.0, 226.0]
566	541.4334200000001	176.0	0.0	0.0	0.0	[0.0, 0.0, 0.0, 0.0, 0.0]
567	541.43298	145	237.0	19.172897537930986	8.574380444090407	[262.0, 214.0, 247.0, 215.0, 247.0]
568	541.4334200000001	177.0	0.0	0.0	0.0	[0.0, 0.0, 0.0, 0.0, 0.0]
569	541.43298	145	229.4	17.04816705690087	7.6241720862005735	[249.0, 210.0, 249.0, 212.0, 227.0]
570	541.4334200000001	178.0	0.0	0.0	0.0	[0.0, 0.0, 0.0, 0.0, 0.0]
571	541.43298	145	227.6	14.540976583434828	6.502922419958583	[244.0, 217.0, 229.0, 242.0, 206.0]
572	541.4334200000001	179.0	0.0	0.0	0.0	[0.0, 0.0, 0.0, 0.0, 0.0]
573	541.43298	145	225.0	10.430723848324238	4.66476151587624	[226.0, 211.0, 242.0, 228.0, 218.0]
574	541.4334200000001	180.0	0.0	0.0	0.0	[0.0, 0.0, 0.0, 0.0, 0.0]
575	541.43298	145	207.8	13.059862173851606	5.8405479195020735	[214.0, 212.0, 185.0, 224.0, 204.0]
576	541.43344	140.0	0.0	0.0	0.0	[0.0, 0.0, 0.0, 0.0, 0.0]
577	541.43298	145	216.0	19.616319736382767	8.772684879784524	[245.0, 216.0, 229.0, 199.0, 191.0]
578	541.43344	141.0	0.0	0.0	0.0	[0.0, 0.0, 0.0, 0.0, 0.0]
579	541.43298	145	222.0	13.505554412907307	6.0398675482166	[224.0, 213.0, 243.0, 227.0, 203.0]
580	541.43344	142.0	3.0	1.4142135623730951	0.6324555320336759	[4.0, 5.0, 3.0, 1.0, 2.0]
581	541.43298	145	203.8	14.2884568795934	6.389992175269074	[208.0, 217.0, 216.0, 200.0, 178.0]
582	541.43344	143.0	0.8	0.7483314773547883	0.3346640106136302	[2.0, 0.0, 1.0, 0.0, 1.0]
583	541.43298	145	203.2	11.956588142108098	5.347148772944324	[211.0, 196.0, 223.0, 194.0, 192.0]
584	541.43344	144.0	0.4	0.48989794855663565	0.21908902300206645	[1.0, 1.0, 0.0, 0.0, 0.0]
585	541.43298	145	195.4	9.13454979733539	4.0850948581397715	[203.0, 208.0, 184.0, 195.0, 187.0]
586	541.43344	145.0	0.0	0.0	0.0	[0.0, 0.0, 0.0, 0.0, 0.0]
587	541.43298	145	197.2	9.703607576566563	4.339585233636966	[201.0, 200.0, 198.0, 179.0, 208.0]
588	541.43344	146.0	0.8	1.1661903789690604	0.521536192416212	[3.0, 1.0, 0.0, 0.0, 0.0]
589	541.43298	145	203.8	11.443775600735973	5.117812032499826	[196.0, 194.0, 195.0, 223.0, 211.0]
590	541.43344	147.0	1.6	1.3564659966250538	0.6066300355241241	[4.0, 1.0, 1.0, 0.0, 2.0]
591	541.43298	145	218.0	13.66747965061591	6.11228271597445	[240.0, 202.0, 226.0, 207.0, 215.0]
592	541.43344	148.0	1.2	1.1661903789690602	0.521536192416212	[0.0, 1.0, 2.0, 3.0, 0.0]
593	541.43298	145	184.2	8.158431221748456	3.6485613603172418	[174.0, 194.0, 175.0, 190.0, 188.0]
594	541.43344	149.0	2.0	1.7888543819998317	0.7999999999999999	[0.0, 1.0, 5.0, 3.0, 1.0]
595	541.43298	145	196.6	18.18350901228913	8.131912444191709	[198.0, 185.0, 204.0, 171.0, 225.0]
596	541.43344	150.0	2.0	0.8944271909999159	0.39999999999999997	[1.0, 1.0, 3.0, 2.0, 3.0]
597	541.43298	145	215.6	13.763720427268202	6.15532289973483	[207.0, 229.0, 207.0, 235.0, 200.0]
598	541.43344	151.0	1.6	0.4898979485566356	0.21908902300206642	[2.0, 1.0, 1.0, 2.0, 2.0]
599	541.43298	145	203.0	8.602325267042627	3.8470768123342687	[211.0, 193.0, 210.0, 209.0, 192.0]
600	541.43344	152.0	0.4	0.48989794855663565	0.21908902300206645	[0.0, 0.0, 0.0, 1.0, 1.0]
601	541.43298	145	192.2	5.418486873657626	2.423220996937753	[200.0, 195.0, 193.0, 184.0, 189.0]
602	541.43344	153.0	0.4	0.48989794855663565	0.21908902300206645	[1.0, 0.0, 1.0, 0.0, 0.0]
603	541.43298	145	175.6	6.151422599691879	2.750999818247904	[184.0, 179.0, 172.0, 177.0, 166.0]
604	541.43344	154.0	0.2	0.4000000000000001	0.1788854381999832	[1.0, 0.0, 0.0, 0.0, 0.0]
605	541.43298	145	194.2	15.740393895960798	7.039318148798219	[200.0, 171.0, 194.0, 187.0, 219.0]
606	541.43344	155.0	0.6	0.48989794855663565	0.21908902300206645	[0.0, 1.0, 1.0, 1.0, 0.0]
607	541.43298	145	190.4	8.039900496896713	3.5955528086790776	[187.0, 201.0, 194.0, 177.0, 193.0]
608	541.43344	156.0	0.2	0.4000000000000001	0.1788854381999832	[1.0, 0.0, 0.0, 0.0, 0.0]
609	541.43298	145	207.0	13.221195104830729	5.912698199637793	[209.0, 202.0, 188.0, 229.0, 207.0]
610	541.43344	157.0	0.0	0.0	0.0	[0.0, 0.0, 0.0, 0.0, 0.0]
611	541.43298	145	216.2	11.702991070662234	5.23373671481476	[223.0, 236.0, 210.0, 206.0, 206.0]
612	541.43344	158.0	0.2	0.4	0.17888543819998318	[0.0, 0.0, 0.0, 0.0, 1.0]
613	541.43298	145	201.4	13.720058308913996	6.1357966067985	[200.0, 190.0, 201.0, 227.0, 189.0]
614	541.43344	159.0	0.4	0.48989794855663565	0.21908902300206645	[1.0, 0.0, 0.0, 1.0, 0.0]
615	541.43298	145	215.2	14.274452704044382	6.3837293175697845	[227.0, 218.0, 230.0, 190.0, 211.0]
616	541.43344	160.0	0.2	0.4000000000000001	0.1788854381999832	[0.0, 1.0, 0.0, 0.0, 0.0]
617	541.43298	145	223.6	12.009995836801941	5.371033420115722	[211.0, 224.0, 212.0, 244.0, 227.0]
618	541.43344	161.0	0.2	0.4000000000000001	0.1788854381999832	[1.0, 0.0, 0.0, 0.0, 0.0]
619	541.43298	145	210.2	12.734205903785284	5.694910008068608	[225.0, 195.0, 216.0, 220.0, 195.0]
620	541.43344	162.0	0.0	0.0	0.0	[0.0, 0.0, 0.0, 0.0, 0.0]
621	541.43298	145	203.8	18.540765895722863	8.291682579549219	[192.0, 219.0, 173.0, 214.0, 221.0]
622	541.43344	163.0	0.0	0.0	0.0	[0.0, 0.0, 0.0, 0.0, 0.0]
623	541.43298	145	191.2	4.354308211415448	1.9473058311420937	[190.0, 186.0, 199.0, 192.0, 189.0]
624	541.43344	164.0	0.0	0.0	0.0	[0.0, 0.0, 0.0, 0.0, 0.0]
625	541.43298	145	193.2	8.840814442120138	3.9537324138085013	[192.0, 190.0, 179.0, 201.0, 204.0]
626	541.43344	165.0	0.0	0.0	0.0	[0.0, 0.0, 0.0, 0.0, 0.0]
627	541.43298	145	215.2	20.75957610357206	9.283964670333468	[214.0, 180.0, 245.0, 220.0, 217.0]
628	541.43344	166.0	0.2	0.4	0.17888543819998318	[0.0, 0.0, 0.0, 0.0, 1.0]
629	541.43298	145	188.8	18.137254478007414	8.111226787607407	[189.0, 178.0, 217.0, 163.0, 197.0]
630	541.43344	167.0	0.2	0.4000000000000001	0.1788854381999832	[0.0, 1.0, 0.0, 0.0, 0.0]
631	541.43298	145	181.6	16.680527569594435	7.459758709234502	[183.0, 203.0, 181.0, 152.0, 189.0]
632	541.43344	168.0	0.0	0.0	0.0	[0.0, 0.0, 0.0, 0.0, 0.0]
633	541.43298	145	185.4	6.468384651518492	2.892749557082327	[194.0, 187.0, 187.0, 174.0, 185.0]
634	541.43344	169.0	0.0	0.0	0.0	[0.0, 0.0, 0.0, 0.0, 0.0]
635	541.43298	145	175.8	12.749901960407382	5.7019294979857476	[196.0, 158.0, 182.0, 174.0, 169.0]
636	541.43344	170.0	0.0	0.0	0.0	[0.0, 0.0, 0.0, 0.0, 0.0]
637	541.43298	145	208.0	11.865917579353061	5.3065996645686395	[187.0, 211.0, 215.0, 222.0, 205.0]
638	541.43344	171.0	0.0	0.0	0.0	[0.0, 0.0, 0.0, 0.0, 0.0]
639	541.43298	145	175.8	17.543089807670714	7.845508269067086	[178.0, 150.0, 205.0, 173.0, 173.0]
640	541.43344	172.0	0.2	0.4000000000000001	0.1788854381999832	[1.0, 0.0, 0.0, 0.0, 0.0]
641	541.43298	145	184.6	10.461357464497617	4.678461285508303	[180.0, 192.0, 193.0, 166.0, 192.0]
642	541.43344	173.0	0.0	0.0	0.0	[0.0, 0.0, 0.0, 0.0, 0.0]
643	541.43298	145	196.0	11.55854662143991	5.169139193328033	[193.0, 205.0, 207.0, 175.0, 200.0]
644	541.43344	174.0	0.0	0.0	0.0	[0.0, 0.0, 0.0, 0.0, 0.0]
645	541.43298	145	189.6	8.662563131083086	3.87401600409704	[180.0, 199.0, 183.0, 201.0, 185.0]
646	541.43344	175.0	0.0	0.0	0.0	[0.0, 0.0, 0.0, 0.0, 0.0]
647	541.43298	145	197.8	8.84081444212014	3.953732413808502	[189.0, 214.0, 200.0, 193.0, 193.0]
648	541.43344	176.0	0.0	0.0	0.0	[0.0, 0.0, 0.0, 0.0, 0.0]
649	541.43298	145	216.2	16.4730082255792	7.366953237261656	[220.0, 220.0, 187.0, 238.0, 216.0]
650	541.43344	177.0	0.0	0.0	0.0	[0.0, 0.0, 0.0, 0.0, 0.0]
651	541.43298	145	219.4	9.414881836751857	4.210463157421046	[227.0, 210.0, 206.0, 228.0, 226.0]
652	541.43344	178.0	0.2	0.4000000000000001	0.1788854381999832	[0.0, 0.0, 1.0, 0.0, 0.0]
653	541.43298	145	208.0	9.09945053286186	4.069397989875161	[210.0, 213.0, 220.0, 204.0, 193.0]
654	541.43344	179.0	0.0	0.0	0.0	[0.0, 0.0, 0.0, 0.0, 0.0]
655	541.43298	145	190.2	20.33125672456083	9.092414420823546	[219.0, 182.0, 166.0, 209.0, 175.0]
656	541.43344	180.0	0.0	0.0	0.0	[0.0, 0.0, 0.0, 0.0, 0.0]
657	541.43298	145	173.8	12.351518125315609	5.523766830705293	[191.0, 169.0, 156.0, 169.0, 184.0]
658	541.4334600000001	140.0	0.0	0.0	0.0	[0.0, 0.0, 0.0, 0.0, 0.0]
659	541.43298	145	187.6	7.964923100695951	3.5620218977429094	[192.0, 197.0, 182.0, 175.0, 192.0]
660	541.4334600000001	141.0	0.0	0.0	0.0	[0.0, 0.0, 0.0, 0.0, 0.0]
661	541.43298	145	183.8	13.644046320648432	6.101803012225157	[179.0, 193.0, 204.0, 179.0, 164.0]
662	541.4334600000001	142.0	1.8	1.6	0.7155417527999327	[2.0, 4.0, 0.0, 3.0, 0.0]
663	541.43298	145	202.4	5.083306010855534	2.2733235581412514	[208.0, 200.0, 209.0, 197.0, 198.0]
664	541.4334600000001	143.0	1.0	0.8944271909999159	0.39999999999999997	[2.0, 1.0, 2.0, 0.0, 0.0]
665	541.43298	145	191.4	9.024411338142782	4.03583944180142	[186.0, 184.0, 188.0, 209.0, 190.0]
666	541.4334600000001	144.0	0.2	0.4000000000000001	0.1788854381999832	[0.0, 0.0, 1.0, 0.0, 0.0]
667	541.43298	145	169.6	19.23122460999299	8.600465103702241	[194.0, 145.0, 178.0, 149.0, 182.0]
668	541.4334600000001	145.0	0.0	0.0	0.0	[0.0, 0.0, 0.0, 0.0, 0.0]
669	541.43298	145	167.6	6.651315659326356	2.974558790812513	[157.0, 175.0, 168.0, 174.0, 164.0]
670	541.4334600000001	146.0	0.8	1.1661903789690602	0.521536192416212	[0.0, 0.0, 3.0, 0.0, 1.0]
671	541.43298	145	185.4	9.830564581955606	4.396362132490907	[188.0, 189.0, 166.0, 192.0, 192.0]
672	541.4334600000001	147.0	1.0	0.6324555320336759	0.282842712474619	[2.0, 1.0, 1.0, 0.0, 1.0]
673	541.43298	145	198.0	15.556349186104045	6.957010852370434	[218.0, 177.0, 211.0, 200.0, 184.0]
674	541.4334600000001	148.0	3.6	1.7435595774162693	0.779743547584717	[7.0, 2.0, 3.0, 3.0, 3.0]
675	541.43298	145	185.0	8.221921916437786	3.676955262170047	[182.0, 200.0, 183.0, 185.0, 175.0]
676	541.4334600000001	149.0	3.0	1.0954451150103321	0.48989794855663554	[4.0, 4.0, 3.0, 1.0, 3.0]
677	541.43298	145	174.8	13.775340286178052	6.160519458617106	[163.0, 181.0, 177.0, 157.0, 196.0]
678	541.4334600000001	150.0	1.4	0.8	0.35777087639996635	[2.0, 2.0, 1.0, 0.0, 2.0]
679	541.43298	145	161.0	13.311649033834989	5.9531504264548865	[182.0, 145.0, 159.0, 150.0, 169.0]
680	541.4334600000001	151.0	1.0	0.8944271909999159	0.39999999999999997	[2.0, 2.0, 0.0, 1.0, 0.0]
681	541.43298	145	172.0	16.721243972862784	7.477967638335966	[182.0, 182.0, 182.0, 175.0, 139.0]
682	541.4334600000001	152.0	2.4	1.3564659966250538	0.6066300355241241	[3.0, 0.0, 3.0, 2.0, 4.0]
683	541.43298	145	169.2	8.059776671843954	3.604441704342019	[183.0, 171.0, 169.0, 159.0, 164.0]
684	541.4334600000001	153.0	0.8	0.7483314773547883	0.3346640106136302	[0.0, 1.0, 1.0, 2.0, 0.0]
685	541.43298	145	150.0	6.29285308902091	2.814249455894058	[146.0, 149.0, 141.0, 156.0, 158.0]
686	541.4334600000001	154.0	0.2	0.4	0.17888543819998318	[0.0, 0.0, 0.0, 1.0, 0.0]
687	541.43298	145	174.6	6.887670143089026	3.080259729308553	[183.0, 175.0, 162.0, 176.0, 177.0]
688	541.4334600000001	155.0	0.4	0.48989794855663565	0.21908902300206645	[0.0, 1.0, 0.0, 1.0, 0.0]
689	541.43298	145	175.4	8.912911982062877	3.9859754138729953	[167.0, 187.0, 172.0, 185.0, 166.0]
690	541.4334600000001	156.0	0.0	0.0	0.0	[0.0, 0.0, 0.0, 0.0, 0.0]
691	541.43298	145	194.0	9.316651759081692	4.166533331199931	[212.0, 189.0, 194.0, 188.0, 187.0]
692	541.4334600000001	157.0	0.6	0.7999999999999999	0.3577708763999663	[1.0, 2.0, 0.0, 0.0, 0.0]
693	541.43298	145	189.4	10.071742649611338	4.504220243282959	[201.0, 195.0, 195.0, 173.0, 183.0]
694	541.4334600000001	158.0	0.6	0.48989794855663565	0.21908902300206645	[1.0, 0.0, 1.0, 1.0, 0.0]
695	541.43298	145	182.8	8.541662601625049	3.819947643620263	[196.0, 171.0, 177.0, 187.0, 183.0]
696	541.4334600000001	159.0	0.2	0.4000000000000001	0.1788854381999832	[0.0, 1.0, 0.0, 0.0, 0.0]
697	541.43298	145	167.4	9.372299611087985	4.191419807177515	[170.0, 182.0, 153.0, 164.0, 168.0]
698	541.4334600000001	160.0	0.6	0.48989794855663565	0.21908902300206645	[0.0, 1.0, 0.0, 1.0, 1.0]
699	541.43298	145	173.6	9.499473669630333	4.248293775152561	[173.0, 166.0, 181.0, 161.0, 187.0]
700	541.4334600000001	161.0	0.0	0.0	0.0	[0.0, 0.0, 0.0, 0.0, 0.0]
701	541.43298	145	182.2	11.142710621747295	4.983171680767179	[200.0, 190.0, 170.0, 174.0, 177.0]
702	541.4334600000001	162.0	0.2	0.4000000000000001	0.1788854381999832	[1.0, 0.0, 0.0, 0.0, 0.0]
703	541.43298	145	162.6	15.265647709809107	6.827005199939429	[165.0, 164.0, 162.0, 185.0, 137.0]
704	541.4334600000001	163.0	0.0	0.0	0.0	[0.0, 0.0, 0.0, 0.0, 0.0]
705	541.43298	145	169.0	10.059821071967434	4.498888751680797	[177.0, 162.0, 153.0, 173.0, 180.0]
706	541.4334600000001	164.0	0.0	0.0	0.0	[0.0, 0.0, 0.0, 0.0, 0.0]
707	541.43298	145	173.0	14.310835055998654	6.3999999999999995	[160.0, 170.0, 198.0, 159.0, 178.0]
708	541.4334600000001	165.0	0.2	0.4000000000000001	0.1788854381999832	[0.0, 1.0, 0.0, 0.0, 0.0]
709	541.43298	145	181.0	9.338094023943002	4.17612260356422	[192.0, 192.0, 169.0, 176.0, 176.0]
710	541.4334600000001	166.0	0.2	0.4	0.17888543819998318	[0.0, 0.0, 0.0, 0.0, 1.0]
711	541.43298	145	184.2	16.702095676890373	7.469404260046447	[205.0, 181.0, 186.0, 194.0, 155.0]
712	541.4334600000001	167.0	0.0	0.0	0.0	[0.0, 0.0, 0.0, 0.0, 0.0]
713	541.43298	145	175.2	18.69117438792972	8.358947302142775	[183.0, 156.0, 183.0, 152.0, 202.0]
714	541.4334600000001	168.0	0.0	0.0	0.0	[0.0, 0.0, 0.0, 0.0, 0.0]
715	541.43298	145	182.6	18.271288952889996	8.171168827040596	[155.0, 186.0, 212.0, 177.0, 183.0]
716	541.4334600000001	169.0	0.0	0.0	0.0	[0.0, 0.0, 0.0, 0.0, 0.0]
717	541.43298	145	166.4	8.935323161475472	3.9959979979974967	[168.0, 167.0, 167.0, 179.0, 151.0]
718	541.4334600000001	170.0	0.0	0.0	0.0	[0.0, 0.0, 0.0, 0.0, 0.0]
719	541.43298	145	161.8	16.557777628655362	7.404863266799731	[176.0, 180.0, 169.0, 143.0, 141.0]
720	541.4334600000001	171.0	0.0	0.0	0.0	[0.0, 0.0, 0.0, 0.0, 0.0]
721	541.43298	145	159.6	12.109500402576483	5.415533214744417	[168.0, 167.0, 146.0, 144.0, 173.0]
722	541.4334600000001	172.0	0.0	0.0	0.0	[0.0, 0.0, 0.0, 0.0, 0.0]
723	541.43298	145	173.0	16.049922118191105	7.177743377970545	[175.0, 176.0, 148.0, 198.0, 168.0]
724	541.4334600000001	173.0	0.0	0.0	0.0	[0.0, 0.0, 0.0, 0.0, 0.0]
725	541.43298	145	160.6	6.651315659326356	2.974558790812513	[157.0, 165.0, 171.0, 158.0, 152.0]
726	541.4334600000001	174.0	0.0	0.0	0.0	[0.0, 0.0, 0.0, 0.0, 0.0]
727	541.43298	145	159.2	6.794115100585211	3.0384206423732705	[156.0, 170.0, 157.0, 163.0, 150.0]
728	541.4334600000001	175.0	0.0	0.0	0.0	[0.0, 0.0, 0.0, 0.0, 0.0]
729	541.43298	145	168.6	9.93176721434811	4.441621325597219	[182.0, 161.0, 177.0, 168.0, 155.0]
730	541.4334600000001	176.0	0.0	0.0	0.0	[0.0, 0.0, 0.0, 0.0, 0.0]
731	541.43298	145	144.8	19.1666376811375	8.571580951026478	[163.0, 163.0, 115.0, 153.0, 130.0]
732	541.4334600000001	177.0	0.0	0.0	0.0	[0.0, 0.0, 0.0, 0.0, 0.0]
733	541.43298	145	151.0	11.679041056525147	5.223025942880239	[170.0, 137.0, 141.0, 151.0, 156.0]
734	541.4334600000001	178.0	0.0	0.0	0.0	[0.0, 0.0, 0.0, 0.0, 0.0]
735	541.43298	145	151.6	15.869467539901898	7.0970416371894	[174.0, 132.0, 146.0, 140.0, 166.0]
736	541.4334600000001	179.0	0.0	0.0	0.0	[0.0, 0.0, 0.0, 0.0, 0.0]
737	541.43298	145	148.4	6.248199740725323	2.7942798714516766	[153.0, 155.0, 137.0, 148.0, 149.0]
738	541.4334600000001	180.0	0.0	0.0	0.0	[0.0, 0.0, 0.0, 0.0, 0.0]
739	541.43298	145	115.6	15.239422561238992	6.815276956954867	[116.0, 133.0, 100.0, 132.0, 97.0]
740	541.43348	140.0	0.0	0.0	0.0	[0.0, 0.0, 0.0, 0.0, 0.0]
741	541.43298	145	107.8	13.6	6.082104898799428	[98.0, 121.0, 88.0, 124.0, 108.0]
742	541.43348	141.0	0.0	0.0	0.0	[0.0, 0.0, 0.0, 0.0, 0.0]
743	541.43298	145	107.6	8.01498596380555	3.584410690755176	[110.0, 112.0, 98.0, 119.0, 99.0]
744	541.43348	142.0	2.2	0.7483314773547882	0.33466401061363016	[1.0, 2.0, 3.0, 3.0, 2.0]
745	541.43298	145	97.4	10.131140113531153	4.530783596686119	[106.0, 105.0, 79.0, 103.0, 94.0]
746	541.43348	143.0	0.8	0.7483314773547883	0.3346640106136302	[0.0, 0.0, 1.0, 2.0, 1.0]
747	541.43298	145	114.8	9.927738916792686	4.439819816163714	[124.0, 105.0, 129.0, 105.0, 111.0]
748	541.43348	144.0	0.0	0.0	0.0	[0.0, 0.0, 0.0, 0.0, 0.0]
749	541.43298	145	144.2	5.564171097297422	2.488372962399326	[150.0, 138.0, 137.0, 149.0, 147.0]
750	541.43348	145.0	0.0	0.0	0.0	[0.0, 0.0, 0.0, 0.0, 0.0]
751	541.43298	145	142.4	18.73606148580859	8.379021422576743	[170.0, 121.0, 159.0, 131.0, 131.0]
752	541.43348	146.0	0.8	0.7483314773547883	0.3346640106136302	[1.0, 2.0, 0.0, 1.0, 0.0]
753	541.43298	145	130.8	6.368673331236263	2.8481572990268633	[126.0, 127.0, 124.0, 138.0, 139.0]
754	541.43348	147.0	1.8	1.1661903789690602	0.521536192416212	[1.0, 1.0, 4.0, 1.0, 2.0]
755	541.43298	145	143.2	10.186265262597475	4.55543631280254	[158.0, 140.0, 151.0, 129.0, 138.0]
756	541.43348	148.0	3.2	0.39999999999999997	0.17888543819998315	[3.0, 4.0, 3.0, 3.0, 3.0]
757	541.43298	145	142.0	10.936178491593852	4.890807704254993	[138.0, 131.0, 154.0, 131.0, 156.0]
758	541.43348	149.0	3.2	1.6	0.7155417527999327	[5.0, 5.0, 2.0, 1.0, 3.0]
759	541.43298	145	149.2	7.833262411026456	3.5031414473298104	[150.0, 146.0, 148.0, 139.0, 163.0]
760	541.43348	150.0	2.6	1.624807680927192	0.7266360849833979	[5.0, 2.0, 1.0, 4.0, 1.0]
761	541.43298	145	142.8	10.205880657738458	4.564208584190691	[141.0, 139.0, 157.0, 150.0, 127.0]
762	541.43348	151.0	2.4	1.2000000000000002	0.5366563145999496	[4.0, 1.0, 1.0, 3.0, 3.0]
763	541.43298	145	133.8	7.19444229944198	3.217452408350433	[127.0, 141.0, 144.0, 128.0, 129.0]
764	541.43348	152.0	1.6	1.2000000000000002	0.5366563145999496	[3.0, 0.0, 1.0, 1.0, 3.0]
765	541.43298	145	118.2	8.657944328765346	3.8719504129056204	[122.0, 133.0, 111.0, 116.0, 109.0]
766	541.43348	153.0	1.2	1.1661903789690602	0.521536192416212	[3.0, 1.0, 2.0, 0.0, 0.0]
767	541.43298	145	121.2	8.133879763065101	3.6375816142046897	[118.0, 109.0, 134.0, 121.0, 124.0]
768	541.43348	154.0	0.4	0.48989794855663565	0.21908902300206645	[0.0, 0.0, 1.0, 1.0, 0.0]
769	541.43298	145	115.8	2.6381811916545836	1.17983049630021	[111.0, 116.0, 119.0, 116.0, 117.0]
770	541.43348	155.0	1.4	0.8	0.35777087639996635	[1.0, 1.0, 1.0, 1.0, 3.0]
771	541.43298	145	131.4	8.522910301065007	3.811561359862911	[127.0, 121.0, 137.0, 145.0, 127.0]
772	541.43348	156.0	1.6	2.0591260281974	0.920869154657707	[0.0, 5.0, 0.0, 0.0, 3.0]
773	541.43298	145	119.6	4.963869458396343	2.219909908081857	[120.0, 117.0, 129.0, 115.0, 117.0]
774	541.43348	157.0	0.6	0.48989794855663565	0.21908902300206645	[1.0, 1.0, 0.0, 1.0, 0.0]
775	541.43298	145	165.0	8.648699324175862	3.867815921162743	[161.0, 171.0, 162.0, 153.0, 178.0]
776	541.43348	158.0	0.0	0.0	0.0	[0.0, 0.0, 0.0, 0.0, 0.0]
777	541.43298	145	157.0	10.788883167408942	4.824935232725927	[173.0, 142.0, 163.0, 149.0, 158.0]
778	541.43348	159.0	0.6	0.7999999999999999	0.3577708763999663	[1.0, 0.0, 2.0, 0.0, 0.0]
779	541.43298	145	134.2	7.2221880341071145	3.2298606781098154	[148.0, 132.0, 134.0, 129.0, 128.0]
780	541.43348	160.0	0.2	0.4	0.17888543819998318	[0.0, 0.0, 0.0, 0.0, 1.0]
781	541.43298	145	106.4	8.5463442476886	3.8220413393892017	[115.0, 114.0, 102.0, 92.0, 109.0]
782	541.43348	161.0	0.2	0.4000000000000001	0.1788854381999832	[0.0, 0.0, 1.0, 0.0, 0.0]
783	541.43298	145	117.2	7.730459236035076	3.457166469813104	[118.0, 127.0, 122.0, 115.0, 104.0]
784	541.43348	162.0	0.4	0.8	0.35777087639996635	[0.0, 0.0, 0.0, 0.0, 2.0]
785	541.43298	145	112.2	7.678541528180987	3.4339481650135606	[119.0, 109.0, 123.0, 108.0, 102.0]
786	541.43348	163.0	0.0	0.0	0.0	[0.0, 0.0, 0.0, 0.0, 0.0]
787	541.43298	145	120.4	10.762899237658969	4.813314866077223	[131.0, 117.0, 125.0, 128.0, 101.0]
788	541.43348	164.0	0.4	0.48989794855663565	0.21908902300206645	[0.0, 0.0, 0.0, 1.0, 1.0]
789	541.43298	145	106.6	8.380930735902785	3.748066168039193	[114.0, 96.0, 98.0, 117.0, 108.0]
790	541.43348	165.0	0.4	0.48989794855663565	0.21908902300206645	[0.0, 1.0, 0.0, 1.0, 0.0]
791	541.43298	145	133.4	7.031358332498778	3.144519041125367	[140.0, 127.0, 142.0, 134.0, 124.0]
792	541.43348	166.0	0.2	0.4000000000000001	0.1788854381999832	[1.0, 0.0, 0.0, 0.0, 0.0]
793	541.43298	145	117.8	15.714961024450554	7.0279442228862345	[143.0, 96.0, 119.0, 108.0, 123.0]
794	541.43348	167.0	0.0	0.0	0.0	[0.0, 0.0, 0.0, 0.0, 0.0]
795	541.43298	145	108.6	2.2449944320643644	1.0039920318408904	[109.0, 108.0, 105.0, 109.0, 112.0]
796	541.43348	168.0	0.0	0.0	0.0	[0.0, 0.0, 0.0, 0.0, 0.0]
797	541.43298	145	100.2	9.558242516278817	4.274576002365615	[104.0, 100.0, 116.0, 92.0, 89.0]
798	541.43348	169.0	0.2	0.4000000000000001	0.1788854381999832	[0.0, 1.0, 0.0, 0.0, 0.0]
799	541.43298	145	113.4	10.818502669038818	4.838181476546741	[131.0, 101.0, 119.0, 104.0, 112.0]
800	541.43348	170.0	0.0	0.0	0.0	[0.0, 0.0, 0.0, 0.0, 0.0]
801	541.43298	145	87.2	5.912698199637793	2.6442390209661455	[85.0, 98.0, 86.0, 87.0, 80.0]
802	541.43348	171.0	0.0	0.0	0.0	[0.0, 0.0, 0.0, 0.0, 0.0]
803	541.43298	145	95.4	8.187795796183488	3.6616935972306583	[110.0, 94.0, 92.0, 85.0, 96.0]
804	541.43348	172.0	0.2	0.4000000000000001	0.1788854381999832	[1.0, 0.0, 0.0, 0.0, 0.0]
805	541.43298	145	101.2	9.325234581499814	4.170371686073077	[108.0, 111.0, 92.0, 107.0, 88.0]
806	541.43348	173.0	0.0	0.0	0.0	[0.0, 0.0, 0.0, 0.0, 0.0]
807	541.43298	145	96.6	4.63033476111609	2.070748656887165	[95.0, 97.0, 89.0, 99.0, 103.0]
808	541.43348	174.0	0.0	0.0	0.0	[0.0, 0.0, 0.0, 0.0, 0.0]
809	541.43298	145	104.8	6.305553108173778	2.8199290771223304	[102.0, 117.0, 99.0, 104.0, 102.0]
810	541.43348	175.0	0.2	0.4000000000000001	0.1788854381999832	[1.0, 0.0, 0.0, 0.0, 0.0]
811	541.43298	145	112.0	6.928203230275509	3.098386676965933	[117.0, 109.0, 105.0, 106.0, 123.0]
812	541.43348	176.0	0.0	0.0	0.0	[0.0, 0.0, 0.0, 0.0, 0.0]
813	541.43298	145	100.4	7.3375745311376575	3.28146308831899	[106.0, 91.0, 102.0, 110.0, 93.0]
814	541.43348	177.0	0.2	0.4000000000000001	0.1788854381999832	[1.0, 0.0, 0.0, 0.0, 0.0]
815	541.43298	145	110.6	5.0039984012787215	2.2378561169118982	[106.0, 111.0, 120.0, 107.0, 109.0]
816	541.43348	178.0	0.0	0.0	0.0	[0.0, 0.0, 0.0, 0.0, 0.0]
817	541.43298	145	113.0	9.486832980505138	4.242640687119285	[113.0, 98.0, 123.0, 108.0, 123.0]
818	541.43348	179.0	0.2	0.4000000000000001	0.1788854381999832	[1.0, 0.0, 0.0, 0.0, 0.0]
819	541.43298	145	98.6	8.8	3.93547964039963	[95.0, 103.0, 105.0, 83.0, 107.0]
820	541.43348	180.0	0.0	0.0	0.0	[0.0, 0.0, 0.0, 0.0, 0.0]
821	541.43298	145	95.8	8.953211714239757	4.003998001997504	[107.0, 106.0, 86.0, 92.0, 88.0]
822	541.4335000000001	140.0	0.0	0.0	0.0	[0.0, 0.0, 0.0, 0.0, 0.0]
823	541.43298	145	88.4	8.522910301065007	3.811561359862911	[81.0, 95.0, 77.0, 100.0, 89.0]
824	541.4335000000001	141.0	0.0	0.0	0.0	[0.0, 0.0, 0.0, 0.0, 0.0]
825	541.43298	145	91.6	7.709734106958554	3.447897910321592	[98.0, 91.0, 100.0, 78.0, 91.0]
826	541.4335000000001	142.0	2.0	1.0954451150103321	0.48989794855663554	[0.0, 3.0, 2.0, 3.0, 2.0]
827	541.43298	145	89.6	6.62117814289874	2.96108088373148	[80.0, 86.0, 92.0, 90.0, 100.0]
828	541.4335000000001	143.0	1.0	1.0954451150103321	0.48989794855663554	[0.0, 1.0, 0.0, 1.0, 3.0]
829	541.43298	145	84.2	13.948476619330155	6.237948380677736	[74.0, 94.0, 74.0, 107.0, 72.0]
830	541.4335000000001	144.0	0.2	0.4000000000000001	0.1788854381999832	[0.0, 1.0, 0.0, 0.0, 0.0]
831	541.43298	145	74.4	12.97073629367277	5.800689614175198	[78.0, 69.0, 85.0, 88.0, 52.0]
832	541.4335000000001	145.0	0.0	0.0	0.0	[0.0, 0.0, 0.0, 0.0, 0.0]
833	541.43298	145	106.2	9.47417542586161	4.236980056596916	[110.0, 120.0, 95.0, 110.0, 96.0]
834	541.4335000000001	146.0	0.4	0.48989794855663565	0.21908902300206645	[0.0, 0.0, 1.0, 0.0, 1.0]
835	541.43298	145	101.8	10.571660229122008	4.727790181469562	[103.0, 103.0, 120.0, 89.0, 94.0]
836	541.4335000000001	147.0	1.8	0.9797958971132713	0.4381780460041329	[3.0, 3.0, 1.0, 1.0, 1.0]
837	541.43298	145	106.0	5.0990195135927845	2.2803508501982757	[110.0, 108.0, 111.0, 97.0, 104.0]
838	541.4335000000001	148.0	2.6	2.3323807579381204	1.043072384832424	[2.0, 7.0, 2.0, 0.0, 2.0]
839	541.43298	145	112.0	9.736529155710468	4.354308211415447	[122.0, 98.0, 116.0, 121.0, 103.0]
840	541.4335000000001	149.0	1.2	0.7483314773547883	0.3346640106136302	[1.0, 0.0, 2.0, 1.0, 2.0]
841	541.43298	145	110.2	11.124747188138706	4.975138189035557	[103.0, 120.0, 115.0, 92.0, 121.0]
842	541.4335000000001	150.0	2.6	1.8547236990991407	0.8294576541331088	[6.0, 1.0, 3.0, 1.0, 2.0]
843	541.43298	145	95.6	10.170545708072897	4.5484063143039455	[87.0, 110.0, 105.0, 92.0, 84.0]
844	541.4335000000001	151.0	1.4	0.8	0.35777087639996635	[1.0, 0.0, 2.0, 2.0, 2.0]
845	541.43298	145	87.6	8.114185110040317	3.628773897613352	[90.0, 88.0, 77.0, 101.0, 82.0]
846	541.4335000000001	152.0	1.2	0.4	0.17888543819998318	[1.0, 1.0, 1.0, 1.0, 2.0]
847	541.43298	145	117.6	5.9531504264548865	2.6623298067669974	[126.0, 109.0, 122.0, 117.0, 114.0]
848	541.4335000000001	153.0	0.6	0.7999999999999999	0.3577708763999663	[0.0, 2.0, 0.0, 1.0, 0.0]
849	541.43298	145	134.6	11.740528097151337	5.250523783395328	[117.0, 145.0, 130.0, 131.0, 150.0]
850	541.4335000000001	154.0	1.2	0.7483314773547883	0.3346640106136302	[1.0, 2.0, 2.0, 1.0, 0.0]
851	541.43298	145	114.8	7.277362159464102	3.254535297089279	[126.0, 103.0, 115.0, 115.0, 115.0]
852	541.4335000000001	155.0	1.0	1.5491933384829668	0.6928203230275509	[0.0, 1.0, 0.0, 4.0, 0.0]
853	541.43298	145	114.6	3.0066592756745814	1.3446189051177286	[117.0, 114.0, 119.0, 111.0, 112.0]
854	541.4335000000001	156.0	0.2	0.4	0.17888543819998318	[0.0, 0.0, 0.0, 0.0, 1.0]
855	541.43298	145	105.6	6.887670143089026	3.080259729308553	[109.0, 116.0, 98.0, 107.0, 98.0]
856	541.4335000000001	157.0	0.6	0.7999999999999999	0.3577708763999663	[1.0, 2.0, 0.0, 0.0, 0.0]
857	541.43298	145	91.0	5.549774770204643	2.4819347291981715	[89.0, 91.0, 84.0, 101.0, 90.0]
858	541.4335000000001	158.0	0.0	0.0	0.0	[0.0, 0.0, 0.0, 0.0, 0.0]
859	541.43298	145	81.6	10.983624174196786	4.912026058562801	[83.0, 66.0, 75.0, 85.0, 99.0]
860	541.4335000000001	159.0	0.6	0.7999999999999999	0.3577708763999663	[0.0, 0.0, 2.0, 1.0, 0.0]
861	541.43298	145	92.0	10.972693379476162	4.907137658554118	[112.0, 88.0, 88.0, 93.0, 79.0]
862	541.4335000000001	160.0	0.8	0.7483314773547883	0.3346640106136302	[1.0, 0.0, 1.0, 0.0, 2.0]
863	541.43298	145	91.4	13.184839779079608	5.896439603693063	[103.0, 108.0, 93.0, 79.0, 74.0]
864	541.4335000000001	161.0	0.4	0.48989794855663565	0.21908902300206645	[0.0, 0.0, 1.0, 0.0, 1.0]
865	541.43298	145	94.4	10.229369482035539	4.574713105758655	[105.0, 95.0, 78.0, 105.0, 89.0]
866	541.4335000000001	162.0	0.0	0.0	0.0	[0.0, 0.0, 0.0, 0.0, 0.0]
867	541.43298	145	82.4	4.715930449020639	2.109028212234251	[75.0, 85.0, 89.0, 83.0, 80.0]
868	541.4335000000001	163.0	0.2	0.4	0.17888543819998318	[0.0, 0.0, 0.0, 0.0, 1.0]
869	541.43298	145	87.0	15.11290838985005	6.75869809948632	[113.0, 69.0, 93.0, 78.0, 82.0]
870	541.4335000000001	164.0	0.2	0.4000000000000001	0.1788854381999832	[0.0, 1.0, 0.0, 0.0, 0.0]
871	541.43298	145	104.2	10.107423014794621	4.520176987685327	[110.0, 103.0, 97.0, 91.0, 120.0]
872	541.4335000000001	165.0	0.0	0.0	0.0	[0.0, 0.0, 0.0, 0.0, 0.0]
873	541.43298	145	89.8	9.282241108697834	4.151144420518274	[100.0, 77.0, 101.0, 86.0, 85.0]
874	541.4335000000001	166.0	0.0	0.0	0.0	[0.0, 0.0, 0.0, 0.0, 0.0]
875	541.43298	145	82.0	13.401492454200763	5.993329625508679	[78.0, 106.0, 86.0, 71.0, 69.0]
876	541.4335000000001	167.0	0.0	0.0	0.0	[0.0, 0.0, 0.0, 0.0, 0.0]
877	541.43298	145	79.8	8.280096617793781	3.7029717795305976	[89.0, 75.0, 76.0, 69.0, 90.0]
878	541.4335000000001	168.0	0.0	0.0	0.0	[0.0, 0.0, 0.0, 0.0, 0.0]
879	541.43298	145	69.6	10.423051376636307	4.661330282226309	[88.0, 69.0, 71.0, 57.0, 63.0]
880	541.4335000000001	169.0	0.0	0.0	0.0	[0.0, 0.0, 0.0, 0.0, 0.0]
881	541.43298	145	67.4	6.6211781428987395	2.9610808837314795	[68.0, 68.0, 62.0, 79.0, 60.0]
882	541.4335000000001	170.0	0.4	0.48989794855663565	0.21908902300206645	[0.0, 1.0, 0.0, 1.0, 0.0]
883	541.43298	145	73.0	11.189280584559492	5.0039984012787215	[70.0, 63.0, 91.0, 80.0, 61.0]
884	541.4335000000001	171.0	0.0	0.0	0.0	[0.0, 0.0, 0.0, 0.0, 0.0]
885	541.43298	145	86.2	13.242356285797479	5.922161767462959	[99.0, 79.0, 103.0, 83.0, 67.0]
886	541.4335000000001	172.0	0.0	0.0	0.0	[0.0, 0.0, 0.0, 0.0, 0.0]
887	541.43298	145	109.2	14.99866660740214	6.707607621201467	[127.0, 93.0, 109.0, 125.0, 92.0]
888	541.4335000000001	173.0	0.2	0.4	0.17888543819998318	[0.0, 0.0, 0.0, 1.0, 0.0]
889	541.43298	145	101.2	9.325234581499814	4.170371686073077	[119.0, 92.0, 100.0, 96.0, 99.0]
890	541.4335000000001	174.0	0.2	0.4000000000000001	0.1788854381999832	[0.0, 1.0, 0.0, 0.0, 0.0]
891	541.43298	145	89.8	10.225458424931373	4.572964027848896	[98.0, 95.0, 71.0, 98.0, 87.0]
892	541.4335000000001	175.0	0.0	0.0	0.0	[0.0, 0.0, 0.0, 0.0, 0.0]
893	541.43298	145	70.4	7.445804187594514	3.3298648621227858	[64.0, 64.0, 80.0, 65.0, 79.0]
894	541.4335000000001	176.0	0.0	0.0	0.0	[0.0, 0.0, 0.0, 0.0, 0.0]
895	541.43298	145	72.0	8.48528137423857	3.7947331922020546	[77.0, 78.0, 81.0, 65.0, 59.0]
896	541.4335000000001	177.0	0.4	0.48989794855663565	0.21908902300206645	[1.0, 1.0, 0.0, 0.0, 0.0]
897	541.43298	145	69.4	10.983624174196786	4.912026058562801	[86.0, 76.0, 57.0, 70.0, 58.0]
898	541.4335000000001	178.0	0.0	0.0	0.0	[0.0, 0.0, 0.0, 0.0, 0.0]
899	541.43298	145	69.0	8.024961059095553	3.5888716889852725	[79.0, 75.0, 65.0, 56.0, 70.0]
900	541.4335000000001	179.0	0.0	0.0	0.0	[0.0, 0.0, 0.0, 0.0, 0.0]
901	541.43298	145	74.8	13.317657451669195	5.955837472597787	[68.0, 95.0, 64.0, 86.0, 61.0]
902	541.4335000000001	180.0	0.0	0.0	0.0	[0.0, 0.0, 0.0, 0.0, 0.0]
903	541.43298	145	68.4	9.2	4.114365078599612	[69.0, 81.0, 75.0, 55.0, 62.0]
904	541.43352	140.0	0.0	0.0	0.0	[0.0, 0.0, 0.0, 0.0, 0.0]
905	541.43298	145	65.6	5.122499389946279	2.2908513701242166	[66.0, 73.0, 57.0, 67.0, 65.0]
906	541.43352	141.0	0.0	0.0	0.0	[0.0, 0.0, 0.0, 0.0, 0.0]
907	541.43298	145	68.8	5.912698199637792	2.644239020966145	[71.0, 77.0, 62.0, 72.0, 62.0]
908	541.43352	142.0	3.0	0.8944271909999159	0.39999999999999997	[3.0, 2.0, 2.0, 4.0, 4.0]
909	541.43298	145	76.4	4.454211490264018	1.9919839356781972	[80.0, 71.0, 71.0, 79.0, 81.0]
910	541.43352	143.0	0.6	0.48989794855663565	0.21908902300206645	[0.0, 1.0, 1.0, 1.0, 0.0]
911	541.43298	145	74.2	3.3105890714493698	1.4805404418657397	[75.0, 71.0, 76.0, 70.0, 79.0]
912	541.43352	144.0	0.2	0.4000000000000001	0.1788854381999832	[0.0, 0.0, 1.0, 0.0, 0.0]
913	541.43298	145	81.2	6.910861017268398	3.090631003533097	[87.0, 86.0, 78.0, 69.0, 86.0]
914	541.43352	145.0	0.2	0.4000000000000001	0.1788854381999832	[1.0, 0.0, 0.0, 0.0, 0.0]
915	541.43298	145	76.8	6.1773780845922	2.762607463973121	[75.0, 74.0, 74.0, 89.0, 72.0]
916	541.43352	146.0	1.0	0.8944271909999159	0.39999999999999997	[2.0, 0.0, 2.0, 0.0, 1.0]
917	541.43298	145	81.2	8.565045242145542	3.8304046783597157	[88.0, 79.0, 72.0, 73.0, 94.0]
918	541.43352	147.0	1.4	1.019803902718557	0.4560701700396552	[1.0, 3.0, 0.0, 1.0, 2.0]
919	541.43298	145	81.8	6.675327707311454	2.9852973051272462	[72.0, 91.0, 86.0, 83.0, 77.0]
920	541.43352	148.0	1.2	0.9797958971132713	0.4381780460041329	[1.0, 0.0, 1.0, 1.0, 3.0]
921	541.43298	145	72.8	6.43117407632541	2.8761084819596077	[72.0, 78.0, 79.0, 61.0, 74.0]
922	541.43352	149.0	1.6	1.3564659966250536	0.606630035524124	[3.0, 3.0, 2.0, 0.0, 0.0]
923	541.43298	145	81.4	5.238320341483518	2.342648074295411	[83.0, 75.0, 77.0, 82.0, 90.0]
924	541.43352	150.0	2.2	1.4696938456699071	0.6572670690061995	[1.0, 2.0, 5.0, 1.0, 2.0]
925	541.43298	145	85.4	9.156418513807678	4.0948748454623125	[95.0, 93.0, 85.0, 69.0, 85.0]
926	541.43352	151.0	1.0	0.0	0.0	[1.0, 1.0, 1.0, 1.0, 1.0]
927	541.43298	145	84.2	3.9698866482558417	1.7753872816937717	[84.0, 89.0, 85.0, 86.0, 77.0]
928	541.43352	152.0	0.6	0.7999999999999999	0.3577708763999663	[0.0, 2.0, 0.0, 0.0, 1.0]
929	541.43298	145	76.6	7.310266752998827	3.2692506786724085	[69.0, 79.0, 85.0, 67.0, 83.0]
930	541.43352	153.0	1.0	0.6324555320336759	0.282842712474619	[1.0, 1.0, 1.0, 0.0, 2.0]
931	541.43298	145	78.0	4.427188724235731	1.979898987322333	[79.0, 81.0, 84.0, 72.0, 74.0]
932	541.43352	154.0	0.6	0.7999999999999999	0.3577708763999663	[0.0, 0.0, 2.0, 1.0, 0.0]
933	541.43298	145	74.0	6.260990336999411	2.8	[83.0, 79.0, 73.0, 66.0, 69.0]
934	541.43352	155.0	0.6	0.48989794855663565	0.21908902300206645	[1.0, 1.0, 1.0, 0.0, 0.0]
935	541.43298	145	72.8	9.325234581499814	4.170371686073077	[81.0, 73.0, 84.0, 68.0, 58.0]
936	541.43352	156.0	0.6	0.8	0.35777087639996635	[0.0, 0.0, 0.0, 2.0, 1.0]
937	541.43298	145	66.8	4.955804677345547	2.216303228351211	[58.0, 69.0, 65.0, 72.0, 70.0]
938	541.43352	157.0	0.0	0.0	0.0	[0.0, 0.0, 0.0, 0.0, 0.0]
939	541.43298	145	68.4	8.957678270623477	4.00599550673737	[61.0, 76.0, 56.0, 69.0, 80.0]
940	541.43352	158.0	0.4	0.48989794855663565	0.21908902300206645	[0.0, 0.0, 1.0, 1.0, 0.0]
941	541.43298	145	64.0	4.774934554525329	2.1354156504062622	[66.0, 57.0, 60.0, 70.0, 67.0]
942	541.43352	159.0	0.0	0.0	0.0	[0.0, 0.0, 0.0, 0.0, 0.0]
943	541.43298	145	79.8	9.516301802696255	4.255819545046523	[73.0, 71.0, 97.0, 75.0, 83.0]
944	541.43352	160.0	0.2	0.4000000000000001	0.1788854381999832	[0.0, 1.0, 0.0, 0.0, 0.0]
945	541.43298	145	62.6	6.8585712797928995	3.0672463220289305	[64.0, 56.0, 64.0, 74.0, 55.0]
946	541.43352	161.0	0.2	0.4	0.17888543819998318	[0.0, 0.0, 0.0, 0.0, 1.0]
947	541.43298	145	63.4	9.09065454189081	4.065464303127012	[65.0, 57.0, 76.0, 50.0, 69.0]
948	541.43352	162.0	0.4	0.48989794855663565	0.21908902300206645	[1.0, 0.0, 0.0, 0.0, 1.0]
949	541.43298	145	70.8	5.635601121442148	2.5203174403237383	[79.0, 70.0, 69.0, 62.0, 74.0]
950	541.43352	163.0	0.0	0.0	0.0	[0.0, 0.0, 0.0, 0.0, 0.0]
951	541.43298	145	66.0	8.024961059095553	3.5888716889852725	[77.0, 72.0, 56.0, 58.0, 67.0]
952	541.43352	164.0	0.0	0.0	0.0	[0.0, 0.0, 0.0, 0.0, 0.0]
953	541.43298	145	70.4	5.276362383309167	2.35966099260042	[71.0, 77.0, 70.0, 61.0, 73.0]
954	541.43352	165.0	0.0	0.0	0.0	[0.0, 0.0, 0.0, 0.0, 0.0]
955	541.43298	145	66.8	9.600000000000001	4.2932505167995965	[69.0, 84.0, 65.0, 59.0, 57.0]
956	541.43352	166.0	0.0	0.0	0.0	[0.0, 0.0, 0.0, 0.0, 0.0]
957	541.43298	145	63.8	6.823488843692792	3.051556979641704	[64.0, 71.0, 62.0, 52.0, 70.0]
958	541.43352	167.0	0.4	0.8000000000000002	0.3577708763999664	[2.0, 0.0, 0.0, 0.0, 0.0]
959	541.43298	145	80.6	17.26962651593832	7.723211767134187	[73.0, 68.0, 114.0, 68.0, 80.0]
960	541.43352	168.0	0.4	0.48989794855663565	0.21908902300206645	[1.0, 0.0, 0.0, 0.0, 1.0]
961	541.43298	145	66.4	3.6660605559646715	1.6395121225535354	[69.0, 69.0, 70.0, 63.0, 61.0]
962	541.43352	169.0	0.0	0.0	0.0	[0.0, 0.0, 0.0, 0.0, 0.0]
963	541.43298	145	78.0	9.959919678390985	4.454211490264017	[89.0, 87.0, 77.0, 76.0, 61.0]
964	541.43352	170.0	0.0	0.0	0.0	[0.0, 0.0, 0.0, 0.0, 0.0]
965	541.43298	145	73.2	12.188519188154071	5.4508714899546105	[97.0, 64.0, 72.0, 67.0, 66.0]
966	541.43352	171.0	0.2	0.4000000000000001	0.1788854381999832	[0.0, 1.0, 0.0, 0.0, 0.0]
967	541.43298	145	65.6	12.435433245367852	5.561294813260668	[69.0, 70.0, 58.0, 84.0, 47.0]
968	541.43352	172.0	0.0	0.0	0.0	[0.0, 0.0, 0.0, 0.0, 0.0]
969	541.43298	145	64.4	2.2449944320643644	1.0039920318408904	[62.0, 68.0, 65.0, 62.0, 65.0]
970	541.43352	173.0	0.2	0.4000000000000001	0.1788854381999832	[0.0, 1.0, 0.0, 0.0, 0.0]
971	541.43298	145	72.0	8.12403840463596	3.63318042491699	[78.0, 70.0, 84.0, 61.0, 67.0]
972	541.43352	174.0	0.0	0.0	0.0	[0.0, 0.0, 0.0, 0.0, 0.0]
973	541.43298	145	67.4	7.709734106958554	3.447897910321592	[57.0, 64.0, 73.0, 79.0, 64.0]
974	541.43352	175.0	0.2	0.4000000000000001	0.1788854381999832	[1.0, 0.0, 0.0, 0.0, 0.0]
975	541.43298	145	67.0	10.334408546211051	4.621688003316537	[77.0, 68.0, 49.0, 77.0, 64.0]
976	541.43352	176.0	0.0	0.0	0.0	[0.0, 0.0, 0.0, 0.0, 0.0]
977	541.43298	145	76.6	3.0066592756745814	1.3446189051177286	[72.0, 79.0, 79.0, 79.0, 74.0]
978	541.43352	177.0	0.2	0.4000000000000001	0.1788854381999832	[0.0, 0.0, 1.0, 0.0, 0.0]
979	541.43298	145	66.0	10.677078252031311	4.774934554525329	[62.0, 66.0, 69.0, 83.0, 50.0]
980	541.43352	178.0	0.0	0.0	0.0	[0.0, 0.0, 0.0, 0.0, 0.0]
981	541.43298	145	72.8	9.579144011862438	4.2839234353568925	[65.0, 78.0, 88.0, 61.0, 72.0]
982	541.43352	179.0	0.0	0.0	0.0	[0.0, 0.0, 0.0, 0.0, 0.0]
983	541.43298	145	70.0	12.280065146407	5.491812087098392	[91.0, 66.0, 53.0, 72.0, 68.0]
984	541.43352	180.0	0.0	0.0	0.0	[0.0, 0.0, 0.0, 0.0, 0.0]
985	541.43298	145	74.2	7.934733769950949	3.5485208185947	[79.0, 63.0, 74.0, 86.0, 69.0]
986	541.43354	140.0	0.0	0.0	0.0	[0.0, 0.0, 0.0, 0.0, 0.0]
987	541.43298	145	75.8	6.764613810115105	3.025227264190246	[72.0, 74.0, 74.0, 89.0, 70.0]
988	541.43354	141.0	0.0	0.0	0.0	[0.0, 0.0, 0.0, 0.0, 0.0]
989	541.43298	145	69.8	4.955804677345546	2.2163032283512107	[75.0, 68.0, 67.0, 63.0, 76.0]
990	541.43354	142.0	1.0	0.6324555320336759	0.282842712474619	[1.0, 2.0, 1.0, 0.0, 1.0]
991	541.43298	145	66.6	8.309031231136396	3.7159117319979496	[77.0, 68.0, 65.0, 52.0, 71.0]
992	541.43354	143.0	1.0	1.0954451150103321	0.48989794855663554	[0.0, 1.0, 3.0, 0.0, 1.0]
993	541.43298	145	65.4	7.709734106958554	3.447897910321592	[74.0, 65.0, 59.0, 74.0, 55.0]
994	541.43354	144.0	0.2	0.4	0.17888543819998318	[0.0, 0.0, 0.0, 1.0, 0.0]
995	541.43298	145	75.2	17.837040113202637	7.976966842102327	[104.0, 66.0, 53.0, 86.0, 67.0]
996	541.43354	145.0	0.0	0.0	0.0	[0.0, 0.0, 0.0, 0.0, 0.0]
997	541.43298	145	70.0	13.251415018781957	5.9262129560116215	[92.0, 55.0, 75.0, 58.0, 70.0]
998	541.43354	146.0	0.8	0.7483314773547883	0.3346640106136302	[1.0, 0.0, 0.0, 1.0, 2.0]
999	541.43298	145	72.4	5.607138307550474	2.5075884829851964	[80.0, 65.0, 76.0, 67.0, 74.0]
1000	541.43354	147.0	1.2	1.1661903789690602	0.521536192416212	[3.0, 0.0, 1.0, 0.0, 2.0]
1001	541.43298	145	67.0	14.966629547095765	6.693280212272604	[96.0, 54.0, 58.0, 62.0, 65.0]
1002	541.43354	148.0	0.8	1.1661903789690604	0.521536192416212	[1.0, 0.0, 3.0, 0.0, 0.0]
1003	541.43298	145	66.0	10.256705123966467	4.586937976471885	[64.0, 71.0, 83.0, 54.0, 58.0]
1004	541.43354	149.0	1.0	1.0954451150103321	0.48989794855663554	[0.0, 1.0, 0.0, 3.0, 1.0]
1005	541.43298	145	62.6	6.406246951218787	2.864960732715197	[60.0, 59.0, 62.0, 57.0, 75.0]
1006	541.43354	150.0	1.4	1.019803902718557	0.4560701700396552	[0.0, 1.0, 3.0, 2.0, 1.0]
1007	541.43298	145	67.6	3.0066592756745814	1.3446189051177286	[63.0, 66.0, 69.0, 72.0, 68.0]
1008	541.43354	151.0	0.6	0.8	0.35777087639996635	[0.0, 0.0, 0.0, 2.0, 1.0]
1009	541.43298	145	69.8	6.968500556073738	3.1164081889251922	[73.0, 58.0, 77.0, 75.0, 66.0]
1010	541.43354	152.0	0.4	0.48989794855663565	0.21908902300206645	[0.0, 1.0, 0.0, 1.0, 0.0]
1011	541.43298	145	81.2	9.947864092356712	4.4488200682877705	[89.0, 88.0, 78.0, 88.0, 63.0]
1012	541.43354	153.0	0.8	0.7483314773547883	0.3346640106136302	[2.0, 0.0, 0.0, 1.0, 1.0]
1013	541.43298	145	68.4	6.711184694225007	3.001333037168651	[71.0, 67.0, 62.0, 62.0, 80.0]
1014	541.43354	154.0	0.2	0.4000000000000001	0.1788854381999832	[0.0, 0.0, 1.0, 0.0, 0.0]
1015	541.43298	145	72.6	7.863841300534999	3.5168167424533223	[77.0, 85.0, 66.0, 72.0, 63.0]
1016	541.43354	155.0	0.2	0.4000000000000001	0.1788854381999832	[0.0, 0.0, 1.0, 0.0, 0.0]
1017	541.43298	145	73.0	4.0	1.7888543819998317	[76.0, 79.0, 72.0, 68.0, 70.0]
1018	541.43354	156.0	0.0	0.0	0.0	[0.0, 0.0, 0.0, 0.0, 0.0]
1019	541.43298	145	67.8	8.423775875461075	3.7672270969507533	[64.0, 63.0, 80.0, 57.0, 75.0]
1020	541.43354	157.0	0.2	0.4	0.17888543819998318	[0.0, 0.0, 0.0, 1.0, 0.0]
1021	541.43298	145	69.4	5.122499389946279	2.2908513701242166	[72.0, 72.0, 65.0, 76.0, 62.0]
1022	541.43354	158.0	0.0	0.0	0.0	[0.0, 0.0, 0.0, 0.0, 0.0]
1023	541.43298	145	65.0	10.119288512538814	4.525483399593904	[83.0, 58.0, 54.0, 68.0, 62.0]
1024	541.43354	159.0	0.0	0.0	0.0	[0.0, 0.0, 0.0, 0.0, 0.0]
1025	541.43298	145	62.0	4.427188724235731	1.979898987322333	[64.0, 56.0, 59.0, 62.0, 69.0]
1026	541.43354	160.0	0.0	0.0	0.0	[0.0, 0.0, 0.0, 0.0, 0.0]
1027	541.43298	145	66.4	11.038115781237304	4.936395446071962	[82.0, 64.0, 57.0, 76.0, 53.0]
1028	541.43354	161.0	0.0	0.0	0.0	[0.0, 0.0, 0.0, 0.0, 0.0]
1029	541.43298	145	70.6	6.8	3.041052449399714	[73.0, 62.0, 70.0, 82.0, 66.0]
1030	541.43354	162.0	0.0	0.0	0.0	[0.0, 0.0, 0.0, 0.0, 0.0]
1031	541.43298	145	67.4	5.782732917920384	2.5861167800391383	[70.0, 69.0, 76.0, 62.0, 60.0]
1032	541.43354	163.0	0.0	0.0	0.0	[0.0, 0.0, 0.0, 0.0, 0.0]
1033	541.43298	145	67.4	11.39473562659529	5.095880689341145	[74.0, 74.0, 45.0, 75.0, 69.0]
1034	541.43354	164.0	0.0	0.0	0.0	[0.0, 0.0, 0.0, 0.0, 0.0]
1035	541.43298	145	67.6	2.8705400188814645	1.283744522870497	[70.0, 71.0, 68.0, 63.0, 66.0]
1036	541.43354	165.0	0.0	0.0	0.0	[0.0, 0.0, 0.0, 0.0, 0.0]
1037	541.43298	145	63.8	5.418486873657626	2.423220996937753	[74.0, 63.0, 58.0, 61.0, 63.0]
1038	541.43354	166.0	0.0	0.0	0.0	[0.0, 0.0, 0.0, 0.0, 0.0]
1039	541.43298	145	63.2	2.315167380558045	1.0353743284435826	[60.0, 61.0, 64.0, 65.0, 66.0]
1040	541.43354	167.0	0.2	0.4	0.17888543819998318	[0.0, 0.0, 0.0, 0.0, 1.0]
1041	541.43298	145	57.4	3.3823069050575527	1.512613632095123	[52.0, 56.0, 61.0, 57.0, 61.0]
1042	541.43354	168.0	0.0	0.0	0.0	[0.0, 0.0, 0.0, 0.0, 0.0]
1043	541.43298	145	57.8	4.308131845707604	1.9266551326067676	[51.0, 55.0, 61.0, 59.0, 63.0]
1044	541.43354	169.0	0.0	0.0	0.0	[0.0, 0.0, 0.0, 0.0, 0.0]
1045	541.43298	145	68.4	9.707728879609277	4.341428336388843	[75.0, 71.0, 81.0, 54.0, 61.0]
1046	541.43354	170.0	0.0	0.0	0.0	[0.0, 0.0, 0.0, 0.0, 0.0]
1047	541.43298	145	60.0	7.402702209328699	3.3105890714493698	[60.0, 71.0, 52.0, 65.0, 52.0]
1048	541.43354	171.0	0.0	0.0	0.0	[0.0, 0.0, 0.0, 0.0, 0.0]
1049	541.43298	145	65.8	2.785677655436824	1.245792920191795	[63.0, 70.0, 68.0, 65.0, 63.0]
1050	541.43354	172.0	0.0	0.0	0.0	[0.0, 0.0, 0.0, 0.0, 0.0]
1051	541.43298	145	66.0	4.604345773288535	2.0591260281974	[70.0, 64.0, 72.0, 65.0, 59.0]
1052	541.43354	173.0	0.0	0.0	0.0	[0.0, 0.0, 0.0, 0.0, 0.0]
1053	541.43298	145	73.6	13.573503600765722	6.070255348830064	[91.0, 83.0, 66.0, 76.0, 52.0]
1054	541.43354	174.0	0.0	0.0	0.0	[0.0, 0.0, 0.0, 0.0, 0.0]
1055	541.43298	145	75.0	5.830951894845301	2.6076809620810595	[65.0, 79.0, 82.0, 76.0, 73.0]
1056	541.43354	175.0	0.0	0.0	0.0	[0.0, 0.0, 0.0, 0.0, 0.0]
1057	541.43298	145	66.2	7.4404300950953095	3.3274614948936674	[67.0, 55.0, 61.0, 75.0, 73.0]
1058	541.43354	176.0	0.0	0.0	0.0	[0.0, 0.0, 0.0, 0.0, 0.0]
1059	541.43298	145	65.8	4.578209256903839	2.0474374227311563	[73.0, 62.0, 60.0, 68.0, 66.0]
1060	541.43354	177.0	0.0	0.0	0.0	[0.0, 0.0, 0.0, 0.0, 0.0]
1061	541.43298	145	65.4	13.001538370516005	5.814464721709127	[79.0, 52.0, 83.0, 54.0, 59.0]
1062	541.43354	178.0	0.0	0.0	0.0	[0.0, 0.0, 0.0, 0.0, 0.0]
1063	541.43298	145	71.4	12.483589227461788	5.582830823157728	[92.0, 67.0, 56.0, 64.0, 78.0]
1064	541.43354	179.0	0.0	0.0	0.0	[0.0, 0.0, 0.0, 0.0, 0.0]
1065	541.43298	145	84.8	10.342146779078316	4.625148646259922	[102.0, 74.0, 80.0, 77.0, 91.0]
1066	541.43354	180.0	0.0	0.0	0.0	[0.0, 0.0, 0.0, 0.0, 0.0]
1067	541.43298	145	79.4	3.9799497484264803	1.7798876369029593	[74.0, 86.0, 78.0, 78.0, 81.0]
