[{"0": [0, 0, 0, 0, 0, 0, 0, 0, 0, 0, 0, 0, 0, 0, 0, 0, 0, 0, 0, 0, 0, 0, 0, 0, 0, 0, 0, 0, 0, 0, 0, 0, 0, 0, 0, 0, 0, 0, 0, 0, 0, 0, 0, 0, 0, 0, 0, 0, 0, 0, 0, 0, 0, 0, 0, 0, 0, 0, 0, 0, 0, 0, 0, 0, 0, 0, 0, 0, 0, 0, 0, 0, 0, 0, 0, 0, 0, 0, 0, 0, 0, 0, 0, 0, 0, 0, 0, 0, 0, 0, 0, 0, 0, 0, 0, 0, 0, 0, 0, 0, 0, 0, 0, 0, 0, 0, 0, 0, 0, 0, 0, 0, 0, 0, 0, 0, 0, 0, 0, 0]}, null, null, 27600, false, [], false, 0, [], null, 0, 1601583341.3904076, 0, {}]
[{"0": [0, 0, 0, 0, 0, 0, 0, 0, 0, 0, 0, 0, 0, 0, 0, 0, 0, 0, 0, 0, 0, 0, 0, 0, 0, 0, 0, 0, 0, 0, 0, 0, 0, 0, 0, 0, 0, 0, 0, 0, 0, 0, 0, 0, 0, 0, 0, 0, 0, 0, 0, 0, 0, 0, 0, 0, 0, 0, 0, 0, 0, 0, 0, 0, 0, 0, 0, 0, 0, 0, 0, 0, 0, 0, 0, 0, 0, 0, 0, 0, 0, 0, 0, 0, 0, 0, 0, 0, 0, 0, 0, 0, 0, 0, 0, 0, 0, 0, 0, 0, 0, 0, 0, 0, 0, 0, 0, 0, 0, 0, 0, 0, 0, 0, 0, 0, 0, 0, 0, 0]}, null, null, 27650, false, [], false, 0, [], null, 0, 1601583395.672795, 0, {}]
[{"0": [0, 0, 0, 0, 0, 0, 0, 0, 0, 0, 0, 0, 0, 0, 0, 0, 0, 0, 0, 0, 0, 0, 0, 0, 0, 0, 0, 0, 0, 0, 0, 0, 0, 0, 0, 0, 0, 0, 0, 0, 0, 0, 0, 0, 0, 0, 0, 0, 0, 0, 0, 0, 0, 0, 0, 0, 0, 0, 0, 0, 0, 0, 0, 0, 0, 0, 0, 0, 0, 0, 0, 0, 0, 0, 0, 0, 0, 0, 0, 0, 0, 0, 0, 0, 0, 0, 0, 0, 0, 0, 0, 0, 0, 0, 0, 0, 0, 0, 0, 0, 0, 0, 0, 0, 0, 0, 0, 0, 0, 0, 0, 0, 0, 0, 0, 0, 0, 0, 0, 0]}, null, null, 27700, false, [], false, 0, [], null, 0, 1601583466.3952062, 0, {}]
[{"0": [0, 0, 0, 0, 0, 0, 0, 0, 0, 0, 0, 0, 0, 0, 0, 0, 0, 0, 0, 0, 0, 0, 0, 0, 0, 0, 0, 0, 0, 0, 0, 0, 0, 0, 0, 0, 0, 0, 0, 0, 0, 0, 0, 0, 0, 0, 0, 0, 0, 0, 0, 0, 0, 0, 0, 0, 0, 0, 0, 0, 0, 0, 0, 0, 0, 0, 0, 0, 0, 0, 0, 0, 0, 0, 0, 0, 0, 0, 0, 0, 0, 0, 0, 0, 0, 0, 0, 0, 0, 0, 0, 0, 0, 0, 0, 0, 0, 0, 0, 0, 0, 0, 0, 0, 0, 0, 0, 0, 0, 0, 0, 0, 0, 0, 0, 0, 0, 0, 0, 0]}, null, null, 27750, false, [], false, 0, [], null, 0, 1601583525.9846056, 0, {}]
[{"0": [0, 0, 0, 0, 0, 0, 0, 0, 0, 0, 0, 0, 0, 0, 0, 0, 0, 0, 0, 0, 0, 0, 0, 0, 0, 0, 0, 0, 0, 0, 0, 0, 0, 0, 0, 0, 0, 0, 0, 0, 0, 0, 0, 0, 0, 0, 0, 0, 0, 0, 0, 0, 0, 0, 0, 0, 0, 0, 0, 0, 0, 0, 0, 0, 0, 0, 0, 0, 0, 0, 0, 0, 0, 0, 0, 0, 0, 0, 0, 0, 0, 0, 0, 0, 0, 0, 0, 0, 0, 0, 0, 0, 0, 0, 0, 0, 0, 0, 0, 0, 0, 0, 0, 0, 0, 0, 0, 0, 0, 0, 0, 0, 0, 0, 0, 0, 0, 0, 0, 0]}, null, null, 27800, false, [], false, 0, [], null, 0, 1601583592.6789114, 0, {}]
[{"0": [0, 0, 0, 0, 0, 0, 0, 0, 0, 0, 0, 0, 0, 0, 0, 0, 0, 0, 0, 0, 0, 0, 0, 0, 0, 0, 0, 0, 0, 0, 0, 0, 0, 0, 0, 0, 0, 0, 0, 0, 0, 0, 0, 0, 0, 0, 0, 0, 0, 0, 0, 0, 0, 0, 0, 0, 0, 0, 0, 0, 0, 0, 0, 0, 0, 0, 0, 0, 0, 0, 0, 0, 0, 0, 0, 0, 0, 0, 0, 0, 0, 0, 0, 0, 0, 0, 0, 0, 0, 0, 0, 0, 0, 0, 0, 0, 0, 0, 0, 0, 0, 0, 0, 0, 0, 0, 0, 0, 0, 0, 0, 0, 0, 0, 0, 0, 0, 0, 0, 0]}, null, null, 27850, false, [], false, 0, [], null, 0, 1601583648.659691, 0, {}]
[{"0": [0, 0, 0, 0, 0, 0, 0, 0, 0, 0, 0, 0, 0, 0, 0, 0, 0, 0, 0, 0, 0, 0, 0, 0, 0, 0, 0, 0, 0, 0, 0, 0, 0, 0, 0, 0, 0, 0, 0, 0, 0, 0, 0, 0, 0, 0, 0, 0, 0, 0, 0, 0, 0, 0, 0, 0, 0, 0, 0, 0, 0, 0, 0, 0, 0, 0, 0, 0, 0, 0, 0, 0, 0, 0, 0, 0, 0, 0, 0, 0, 0, 0, 0, 0, 0, 0, 0, 0, 0, 0, 0, 0, 0, 0, 0, 0, 0, 0, 0, 0, 0, 0, 0, 0, 0, 0, 0, 0, 0, 0, 0, 0, 0, 0, 0, 0, 0, 0, 0, 0]}, null, null, 27900, false, [], false, 0, [], null, 0, 1601583712.0666866, 0, {}]
[{"0": [0, 0, 0, 0, 0, 0, 0, 0, 0, 0, 0, 0, 0, 0, 0, 0, 0, 0, 0, 0, 0, 0, 0, 0, 0, 0, 0, 0, 0, 0, 0, 0, 0, 0, 0, 0, 0, 0, 0, 0, 0, 0, 0, 0, 0, 0, 0, 0, 0, 0, 0, 0, 0, 0, 0, 0, 0, 0, 0, 0, 0, 0, 0, 0, 0, 0, 0, 0, 0, 0, 0, 0, 0, 0, 0, 0, 0, 0, 0, 0, 0, 0, 0, 0, 0, 0, 0, 0, 0, 0, 0, 0, 0, 0, 0, 0, 0, 0, 0, 0, 0, 0, 0, 0, 0, 0, 0, 0, 0, 0, 0, 0, 0, 0, 0, 0, 0, 0, 0, 0]}, null, null, 27950, false, [], false, 0, [], null, 0, 1601583776.7526157, 0, {}]
[{"0": [0, 0, 0, 0, 0, 0, 0, 0, 0, 0, 0, 0, 0, 0, 0, 0, 0, 0, 0, 0, 0, 0, 0, 0, 0, 0, 0, 0, 0, 0, 0, 0, 0, 0, 0, 0, 0, 0, 0, 0, 0, 0, 0, 0, 0, 0, 0, 0, 0, 0, 0, 0, 0, 0, 0, 0, 0, 0, 0, 0, 0, 0, 0, 0, 0, 0, 0, 0, 0, 0, 0, 0, 0, 0, 0, 0, 0, 0, 0, 0, 0, 0, 0, 0, 0, 0, 0, 0, 0, 0, 0, 0, 0, 0, 0, 0, 0, 0, 0, 0, 0, 0, 0, 0, 0, 0, 0, 0, 0, 0, 0, 0, 0, 0, 0, 0, 0, 0, 0, 0]}, null, null, 28000, false, [], false, 0, [], null, 0, 1601583837.5792947, 0, {}]
[{"0": [0, 0, 0, 0, 0, 0, 0, 0, 0, 0, 0, 0, 0, 0, 0, 0, 0, 0, 0, 0, 0, 0, 0, 0, 0, 0, 0, 0, 0, 0, 0, 0, 0, 0, 0, 0, 0, 0, 0, 0, 0, 0, 0, 0, 0, 0, 0, 0, 0, 0, 0, 0, 0, 0, 0, 0, 0, 0, 0, 0, 0, 0, 0, 0, 0, 0, 0, 0, 0, 0, 0, 0, 0, 0, 0, 0, 0, 0, 0, 0, 0, 0, 0, 0, 0, 0, 0, 0, 0, 0, 0, 0, 0, 0, 0, 0, 0, 0, 0, 0, 0, 0, 0, 0, 0, 0, 0, 0, 0, 0, 0, 0, 0, 0, 0, 0, 0, 0, 0, 0]}, null, null, 28050, false, [], false, 0, [], null, 0, 1601583897.4469218, 0, {}]
[{"0": [0, 0, 0, 0, 0, 0, 0, 0, 0, 0, 0, 0, 0, 0, 0, 0, 0, 0, 0, 0, 0, 0, 0, 0, 0, 0, 0, 0, 0, 0, 0, 0, 0, 0, 0, 0, 0, 0, 0, 0, 0, 0, 0, 0, 0, 0, 0, 0, 0, 0, 0, 0, 0, 0, 0, 0, 0, 0, 0, 0, 0, 0, 0, 0, 0, 0, 0, 0, 0, 0, 0, 0, 0, 0, 0, 0, 0, 0, 0, 0, 0, 0, 0, 0, 0, 0, 0, 0, 0, 0, 0, 0, 0, 0, 0, 0, 0, 0, 0, 0, 0, 0, 0, 0, 0, 0, 0, 0, 0, 0, 0, 0, 0, 0, 0, 0, 0, 0, 0, 0]}, null, null, 28100, false, [], false, 0, [], null, 0, 1601583958.0218527, 0, {}]
[{"0": [0, 0, 0, 0, 0, 0, 0, 0, 0, 0, 0, 0, 0, 0, 0, 0, 0, 0, 0, 0, 0, 0, 0, 0, 0, 0, 0, 0, 0, 0, 0, 0, 0, 0, 0, 0, 0, 0, 0, 0, 0, 0, 0, 0, 0, 0, 0, 0, 0, 0, 0, 0, 0, 0, 0, 0, 0, 0, 0, 0, 0, 0, 0, 0, 0, 0, 0, 0, 0, 0, 0, 0, 0, 0, 0, 0, 0, 0, 0, 0, 0, 0, 0, 0, 0, 0, 0, 0, 0, 0, 0, 0, 0, 0, 0, 0, 0, 0, 0, 0, 0, 0, 0, 0, 0, 0, 0, 0, 0, 0, 0, 0, 0, 0, 0, 0, 0, 0, 0, 0]}, null, null, 28150, false, [], false, 0, [], null, 0, 1601584014.012568, 0, {}]
[{"0": [0, 0, 0, 0, 0, 0, 0, 0, 0, 0, 0, 0, 0, 0, 0, 0, 0, 0, 0, 0, 0, 0, 0, 0, 0, 0, 0, 0, 0, 0, 0, 0, 0, 0, 0, 0, 0, 0, 0, 0, 0, 0, 0, 0, 0, 0, 0, 0, 0, 0, 0, 0, 0, 0, 0, 0, 0, 0, 0, 0, 0, 0, 0, 0, 0, 0, 0, 0, 0, 0, 0, 0, 0, 0, 0, 0, 0, 0, 0, 0, 0, 0, 0, 0, 0, 0, 0, 0, 0, 0, 0, 0, 0, 0, 0, 0, 0, 0, 0, 0, 0, 0, 0, 0, 0, 0, 0, 0, 0, 0, 0, 0, 0, 0, 0, 0, 0, 1, 0, 0]}, null, null, 28200, false, [], false, 0, [], null, 0, 1601584081.7088718, 0, {}]
[{"0": [0, 0, 0, 0, 0, 0, 0, 0, 0, 0, 0, 0, 0, 0, 0, 1, 0, 0, 0, 1, 0, 0, 0, 0, 0, 0, 0, 0, 0, 0, 0, 0, 0, 0, 0, 0, 0, 0, 0, 1, 0, 0, 1, 0, 0, 0, 0, 0, 0, 0, 0, 0, 0, 0, 0, 0, 0, 0, 0, 0, 0, 0, 0, 0, 0, 0, 0, 0, 0, 0, 0, 0, 1, 0, 0, 0, 0, 0, 0, 0, 0, 0, 0, 0, 0, 0, 0, 0, 0, 0, 0, 0, 0, 0, 0, 0, 0, 0, 1, 0, 0, 0, 0, 0, 0, 0, 0, 0, 0, 0, 0, 0, 0, 0, 0, 0, 0, 0, 0, 0]}, null, null, 28250, false, [], false, 0, [], null, 0, 1601584136.0315928, 0, {}]
[{"0": [0, 0, 0, 0, 0, 0, 0, 0, 0, 0, 0, 0, 0, 0, 0, 0, 0, 0, 0, 0, 0, 0, 0, 0, 0, 0, 0, 0, 0, 0, 0, 0, 0, 0, 0, 0, 0, 0, 0, 0, 1, 0, 0, 0, 0, 0, 0, 0, 0, 0, 0, 0, 0, 0, 0, 0, 0, 0, 0, 0, 0, 0, 1, 0, 0, 0, 0, 0, 0, 0, 0, 0, 1, 0, 0, 0, 0, 0, 0, 0, 0, 0, 0, 0, 0, 0, 0, 0, 0, 0, 0, 0, 0, 0, 0, 0, 0, 0, 0, 0, 0, 0, 0, 0, 0, 0, 0, 0, 0, 0, 0, 0, 1, 1, 0, 0, 1, 0, 0, 1]}, null, null, 28300, false, [], false, 0, [], null, 0, 1601584197.7756212, 0, {}]
[{"0": [0, 0, 0, 1, 0, 1, 0, 0, 0, 1, 0, 0, 1, 0, 0, 0, 0, 0, 0, 1, 0, 1, 0, 0, 0, 0, 1, 0, 0, 1, 0, 0, 0, 0, 0, 0, 0, 0, 0, 0, 0, 0, 0, 0, 1, 0, 0, 1, 0, 0, 0, 1, 0, 1, 0, 0, 0, 0, 0, 0, 0, 0, 0, 0, 0, 0, 0, 0, 1, 0, 0, 0, 0, 0, 1, 0, 0, 0, 0, 0, 1, 1, 0, 0, 0, 0, 0, 0, 0, 0, 0, 0, 0, 0, 0, 0, 0, 1, 0, 1, 0, 0, 0, 0, 0, 0, 0, 0, 1, 0, 0, 1, 1, 1, 0, 0, 0, 0, 1, 0]}, null, null, 28350, false, [], false, 0, [], null, 0, 1601584260.2707677, 0, {}]
[{"0": [0, 1, 0, 2, 0, 2, 0, 0, 1, 0, 0, 0, 0, 0, 0, 1, 0, 0, 1, 0, 0, 0, 0, 0, 1, 0, 0, 0, 0, 0, 0, 1, 0, 1, 1, 0, 0, 0, 0, 0, 0, 0, 0, 0, 0, 0, 0, 0, 1, 0, 0, 1, 0, 0, 0, 0, 0, 0, 0, 0, 0, 0, 1, 0, 0, 0, 0, 0, 0, 0, 0, 0, 1, 0, 1, 0, 0, 0, 0, 0, 0, 0, 0, 0, 1, 1, 0, 0, 0, 1, 0, 0, 0, 0, 1, 1, 1, 2, 1, 1, 1, 0, 0, 0, 0, 0, 1, 0, 0, 0, 0, 0, 1, 0, 0, 0, 0, 0, 0, 0]}, null, null, 28400, false, [], false, 0, [], null, 0, 1601584315.7289653, 0, {}]
[{"0": [0, 1, 1, 0, 0, 0, 0, 0, 0, 0, 0, 1, 0, 1, 0, 1, 0, 0, 1, 1, 0, 0, 1, 0, 0, 0, 0, 0, 0, 0, 0, 1, 1, 0, 0, 0, 2, 0, 0, 0, 0, 0, 0, 0, 0, 0, 0, 0, 0, 0, 0, 0, 0, 0, 0, 0, 0, 0, 0, 1, 0, 0, 1, 0, 0, 0, 0, 1, 0, 0, 0, 0, 0, 0, 0, 0, 0, 0, 0, 0, 0, 0, 0, 0, 0, 0, 0, 0, 0, 0, 1, 0, 0, 0, 0, 0, 0, 0, 0, 0, 0, 0, 0, 0, 0, 0, 1, 0, 0, 0, 0, 0, 0, 0, 0, 0, 0, 0, 0, 0]}, null, null, 28450, false, [], false, 0, [], null, 0, 1601584377.9878356, 0, {}]
[{"0": [0, 0, 1, 0, 1, 0, 0, 0, 0, 0, 0, 0, 0, 1, 1, 0, 0, 0, 0, 0, 0, 0, 0, 0, 0, 0, 0, 0, 0, 0, 0, 1, 0, 0, 0, 0, 0, 0, 0, 0, 0, 0, 1, 0, 0, 0, 0, 0, 0, 0, 0, 0, 0, 0, 0, 0, 0, 0, 0, 0, 0, 0, 0, 0, 0, 0, 0, 0, 0, 0, 0, 1, 0, 0, 0, 0, 0, 0, 0, 0, 0, 0, 0, 0, 0, 0, 1, 0, 0, 0, 0, 0, 0, 0, 0, 0, 0, 0, 0, 0, 0, 0, 1, 0, 1, 0, 0, 0, 0, 0, 0, 0, 0, 0, 0, 1, 0, 0, 0, 1]}, null, null, 28500, false, [], false, 0, [], null, 0, 1601584437.110663, 0, {}]
[{"0": [0, 0, 0, 0, 0, 0, 0, 0, 0, 1, 0, 2, 0, 0, 0, 1, 0, 0, 1, 0, 0, 0, 0, 1, 0, 0, 0, 0, 0, 0, 0, 0, 0, 1, 0, 0, 0, 0, 0, 0, 0, 0, 0, 1, 0, 0, 0, 0, 0, 1, 0, 0, 0, 0, 0, 0, 0, 0, 0, 0, 0, 0, 0, 1, 0, 0, 0, 0, 0, 0, 0, 0, 1, 0, 0, 0, 0, 0, 0, 0, 0, 0, 0, 0, 0, 0, 0, 0, 0, 0, 0, 0, 0, 0, 0, 0, 0, 0, 0, 0, 0, 0, 0, 0, 0, 0, 0, 0, 0, 2, 0, 0, 0, 0, 0, 0, 0, 0, 0, 0]}, null, null, 28550, false, [], false, 0, [], null, 0, 1601584497.6778061, 0, {}]
[{"0": [0, 0, 0, 0, 0, 0, 0, 0, 0, 0, 0, 0, 0, 0, 7, 2, 0, 0, 0, 0, 1, 1, 0, 0, 1, 4, 0, 0, 0, 0, 0, 0, 0, 0, 0, 0, 0, 0, 0, 0, 0, 0, 0, 0, 0, 0, 0, 0, 0, 2, 0, 0, 0, 0, 0, 0, 0, 0, 0, 0, 1, 0, 0, 0, 0, 0, 0, 0, 0, 0, 0, 0, 0, 0, 0, 0, 0, 0, 1, 0, 0, 0, 0, 0, 0, 0, 0, 0, 0, 0, 0, 0, 0, 0, 0, 0, 0, 0, 0, 0, 0, 0, 0, 0, 0, 0, 0, 0, 0, 0, 0, 0, 0, 0, 0, 0, 0, 1, 0, 0]}, null, null, 28600, false, [], false, 0, [], null, 0, 1601584553.715671, 0, {}]
[{"0": [0, 0, 0, 0, 0, 0, 0, 0, 0, 0, 0, 0, 0, 0, 0, 0, 0, 2, 12, 0, 0, 6, 0, 0, 0, 0, 10, 2, 7, 4, 6, 1, 0, 0, 0, 0, 0, 0, 0, 0, 0, 0, 0, 0, 0, 0, 0, 0, 0, 0, 0, 0, 1, 0, 7, 0, 0, 0, 0, 0, 0, 0, 0, 0, 0, 0, 0, 0, 0, 0, 0, 0, 0, 0, 0, 0, 0, 0, 0, 0, 1, 0, 0, 0, 0, 0, 0, 0, 0, 0, 0, 0, 0, 1, 0, 0, 0, 0, 0, 0, 0, 0, 0, 0, 0, 0, 0, 0, 0, 0, 0, 0, 0, 0, 0, 0, 0, 0, 0, 0]}, null, null, 28650, false, [], false, 0, [], null, 0, 1601584620.8809142, 0, {}]
[{"0": [0, 0, 0, 0, 0, 1, 0, 0, 0, 0, 0, 0, 0, 0, 0, 0, 1, 2, 2, 0, 0, 0, 8, 16, 12, 10, 1, 3, 0, 0, 0, 6, 5, 1, 9, 0, 1, 0, 0, 0, 0, 0, 0, 0, 0, 0, 0, 0, 0, 0, 0, 0, 0, 0, 0, 0, 0, 1, 0, 8, 1, 0, 0, 0, 0, 0, 0, 0, 0, 0, 0, 0, 0, 0, 0, 1, 0, 0, 0, 1, 1, 1, 0, 0, 0, 0, 0, 0, 0, 1, 0, 0, 0, 0, 0, 0, 0, 1, 1, 0, 0, 0, 0, 0, 0, 0, 0, 0, 0, 0, 0, 0, 0, 0, 0, 0, 0, 0, 0, 0]}, null, null, 28700, false, [], false, 0, [], null, 0, 1601584674.238725, 0, {}]
[{"0": [1, 2, 0, 1, 3, 0, 0, 0, 3, 0, 1, 0, 0, 1, 1, 0, 1, 2, 1, 5, 0, 3, 0, 1, 1, 14, 3, 15, 4, 12, 15, 2, 12, 8, 3, 11, 5, 7, 11, 1, 1, 0, 0, 1, 0, 0, 0, 0, 1, 1, 1, 0, 0, 1, 0, 2, 3, 1, 0, 0, 0, 0, 5, 0, 0, 0, 0, 0, 0, 0, 0, 0, 0, 0, 0, 0, 0, 0, 0, 0, 0, 0, 0, 0, 0, 3, 0, 0, 0, 1, 0, 0, 0, 0, 0, 0, 0, 0, 0, 0, 0, 0, 2, 0, 0, 0, 0, 2, 0, 0, 1, 0, 0, 0, 0, 0, 0, 1, 0, 0]}, null, null, 28750, false, [], false, 0, [], null, 0, 1601584738.0430663, 0, {}]
[{"0": [0, 0, 0, 0, 1, 6, 0, 1, 0, 1, 0, 1, 1, 11, 0, 1, 3, 0, 0, 0, 4, 1, 1, 4, 0, 0, 0, 0, 4, 16, 18, 10, 12, 5, 20, 16, 17, 4, 19, 7, 10, 5, 15, 0, 0, 0, 1, 2, 7, 2, 0, 5, 0, 1, 0, 2, 0, 0, 0, 1, 5, 3, 0, 1, 1, 11, 17, 0, 0, 0, 0, 0, 0, 0, 0, 0, 0, 0, 0, 0, 0, 0, 0, 0, 0, 0, 0, 0, 2, 0, 1, 0, 0, 0, 0, 0, 1, 0, 0, 0, 0, 0, 0, 0, 0, 3, 0, 2, 0, 1, 0, 1, 0, 1, 0, 3, 1, 0, 0, 0]}, null, null, 28800, false, [], false, 0, [], null, 0, 1601584798.0706203, 0, {}]
[{"0": [0, 0, 0, 1, 0, 0, 0, 5, 1, 0, 1, 3, 3, 0, 0, 6, 1, 11, 1, 3, 1, 3, 8, 1, 0, 3, 6, 3, 8, 10, 0, 3, 9, 11, 16, 18, 12, 14, 15, 7, 21, 19, 19, 17, 13, 17, 21, 2, 2, 1, 1, 3, 0, 2, 0, 0, 0, 0, 0, 1, 0, 8, 1, 2, 1, 0, 0, 0, 3, 17, 10, 6, 0, 0, 0, 0, 0, 0, 0, 0, 0, 0, 0, 0, 0, 0, 0, 1, 5, 2, 1, 2, 1, 4, 7, 3, 2, 0, 1, 2, 1, 0, 0, 1, 0, 0, 4, 0, 0, 2, 2, 1, 1, 4, 0, 0, 0, 1, 0, 0]}, null, null, 28850, false, [], false, 0, [], null, 0, 1601584860.0737734, 0, {}]
[{"0": [1, 1, 2, 0, 1, 2, 0, 1, 0, 0, 1, 4, 6, 4, 11, 3, 1, 4, 0, 0, 1, 12, 13, 7, 1, 6, 7, 2, 11, 1, 10, 11, 5, 2, 6, 15, 18, 10, 23, 15, 21, 14, 19, 20, 14, 17, 13, 17, 12, 17, 3, 4, 6, 3, 1, 8, 6, 7, 3, 2, 3, 3, 1, 0, 5, 0, 9, 7, 1, 0, 1, 0, 10, 16, 7, 3, 0, 1, 0, 0, 0, 0, 0, 0, 0, 0, 0, 0, 0, 1, 0, 0, 0, 1, 7, 0, 1, 0, 1, 6, 0, 3, 6, 1, 0, 1, 0, 0, 0, 0, 3, 5, 3, 3, 1, 4, 7, 2, 7, 1]}, null, null, 28900, false, [], false, 0, [], null, 0, 1601584907.3484027, 0, {}]
[{"0": [4, 1, 3, 0, 9, 4, 1, 0, 3, 1, 3, 3, 1, 0, 0, 6, 7, 10, 12, 16, 6, 0, 15, 2, 11, 12, 8, 10, 3, 11, 6, 11, 13, 8, 15, 8, 8, 4, 1, 9, 19, 22, 19, 20, 16, 16, 19, 15, 21, 20, 18, 20, 20, 17, 7, 4, 6, 15, 8, 6, 8, 1, 5, 10, 3, 8, 14, 10, 13, 9, 6, 9, 4, 3, 5, 1, 17, 4, 11, 1, 0, 1, 0, 0, 0, 0, 0, 0, 0, 0, 0, 2, 1, 4, 3, 1, 9, 6, 11, 2, 7, 9, 4, 4, 8, 4, 9, 1, 2, 0, 0, 0, 0, 3, 10, 0, 3, 0, 6, 3]}, null, null, 28950, false, [], false, 0, [], null, 0, 1601584984.497844, 0, {}]
[{"0": [8, 4, 3, 5, 1, 9, 2, 6, 1, 0, 2, 1, 0, 1, 1, 1, 2, 0, 3, 13, 10, 9, 8, 2, 8, 4, 4, 14, 13, 18, 16, 8, 10, 12, 4, 5, 7, 14, 9, 13, 7, 11, 16, 19, 20, 21, 18, 18, 21, 22, 17, 21, 21, 19, 20, 15, 21, 18, 1, 5, 7, 9, 10, 10, 13, 12, 8, 11, 11, 7, 12, 9, 2, 7, 5, 15, 6, 1, 6, 14, 16, 19, 0, 2, 0, 0, 1, 1, 0, 0, 0, 0, 0, 0, 0, 0, 2, 11, 4, 2, 2, 15, 9, 11, 12, 12, 7, 5, 12, 11, 3, 5, 0, 0, 0, 0, 0, 10, 1, 4]}, null, null, 29000, false, [], false, 0, [], null, 0, 1601585040.3799133, 0, {}]
[{"0": [6, 4, 7, 11, 3, 10, 7, 4, 5, 9, 2, 9, 3, 2, 0, 1, 0, 1, 1, 0, 3, 6, 9, 14, 14, 11, 9, 5, 12, 9, 13, 18, 11, 7, 6, 13, 14, 15, 12, 12, 12, 16, 8, 15, 8, 7, 19, 22, 21, 21, 19, 22, 18, 20, 17, 20, 20, 20, 20, 20, 20, 15, 2, 6, 10, 11, 14, 8, 11, 14, 11, 14, 15, 13, 12, 16, 15, 15, 11, 4, 7, 3, 12, 19, 14, 1, 2, 0, 2, 0, 1, 0, 0, 0, 0, 0, 0, 0, 1, 5, 5, 8, 6, 11, 14, 5, 6, 10, 15, 6, 11, 5, 7, 10, 13, 1, 0, 0, 0, 1]}, null, null, 29050, false, [], false, 0, [], null, 0, 1601585091.0464466, 0, {}]
[{"0": [9, 4, 10, 9, 12, 7, 6, 3, 8, 7, 4, 7, 4, 7, 6, 7, 8, 6, 5, 1, 2, 0, 2, 2, 0, 11, 13, 16, 16, 18, 11, 8, 10, 12, 13, 11, 20, 13, 16, 15, 11, 15, 12, 17, 15, 16, 13, 18, 18, 8, 18, 22, 20, 21, 19, 22, 20, 20, 20, 21, 20, 22, 20, 22, 22, 15, 4, 16, 12, 14, 13, 13, 16, 15, 12, 19, 14, 13, 12, 13, 14, 16, 11, 12, 7, 10, 12, 16, 20, 6, 0, 0, 1, 2, 1, 0, 0, 0, 0, 0, 0, 0, 1, 2, 7, 10, 9, 7, 11, 9, 16, 9, 16, 14, 7, 10, 12, 10, 8, 8]}, null, null, 29100, false, [], false, 0, [], null, 0, 1601585162.3191347, 0, {}]
[{"0": [0, 0, 0, 1, 4, 4, 6, 8, 9, 8, 7, 13, 10, 8, 7, 3, 7, 8, 8, 10, 9, 2, 3, 4, 1, 1, 0, 2, 7, 9, 13, 18, 14, 15, 13, 11, 12, 12, 14, 19, 14, 8, 15, 14, 15, 11, 13, 13, 15, 13, 12, 14, 12, 16, 16, 22, 20, 20, 22, 21, 18, 20, 18, 22, 18, 20, 20, 19, 21, 13, 8, 11, 15, 18, 13, 15, 14, 13, 17, 15, 12, 17, 14, 14, 13, 14, 14, 8, 7, 14, 17, 19, 15, 4, 6, 1, 0, 0, 2, 0, 1, 1, 0, 2, 1, 2, 2, 8, 9, 8, 8, 6, 13, 14, 13, 17, 19, 14, 13, 10]}, null, null, 29150, false, [], false, 0, [], null, 0, 1601585214.0038784, 0, {}]
[{"0": [12, 12, 5, 8, 7, 3, 1, 0, 3, 6, 11, 8, 6, 9, 9, 6, 6, 8, 4, 12, 5, 16, 9, 9, 2, 6, 2, 4, 3, 2, 1, 6, 4, 13, 11, 18, 19, 18, 13, 10, 10, 19, 18, 18, 13, 16, 10, 12, 13, 12, 14, 16, 12, 15, 15, 12, 16, 15, 18, 22, 21, 22, 21, 21, 21, 20, 20, 21, 18, 19, 20, 21, 11, 6, 7, 10, 17, 12, 8, 13, 16, 13, 14, 13, 17, 16, 11, 14, 15, 11, 16, 7, 9, 12, 20, 18, 14, 0, 3, 1, 1, 7, 2, 2, 2, 1, 3, 2, 3, 1, 6, 7, 10, 11, 15, 13, 14, 14, 13, 13]}, null, null, 29200, false, [], false, 0, [], null, 0, 1601585281.0983775, 0, {}]
[{"0": [16, 15, 15, 14, 13, 16, 9, 5, 3, 3, 3, 2, 6, 11, 6, 15, 12, 7, 12, 8, 8, 10, 8, 9, 11, 12, 9, 12, 6, 3, 1, 5, 2, 1, 8, 4, 17, 12, 16, 18, 17, 13, 17, 10, 14, 16, 19, 16, 14, 15, 16, 17, 12, 14, 18, 12, 15, 14, 19, 13, 14, 19, 22, 18, 21, 21, 20, 20, 20, 20, 19, 20, 21, 21, 20, 18, 16, 6, 13, 9, 18, 11, 14, 12, 15, 12, 15, 15, 13, 15, 15, 18, 18, 10, 10, 9, 8, 19, 18, 20, 9, 4, 3, 1, 1, 2, 0, 2, 2, 4, 4, 1, 4, 3, 6, 9, 12, 4, 14, 14]}, null, null, 29250, false, [], false, 0, [], null, 0, 1601585337.2701335, 0, {}]
[{"0": [13, 12, 15, 12, 16, 16, 14, 12, 12, 8, 8, 4, 0, 2, 1, 6, 10, 13, 8, 9, 5, 9, 7, 6, 8, 13, 6, 11, 13, 9, 8, 12, 5, 3, 3, 2, 1, 2, 1, 5, 14, 14, 17, 22, 19, 11, 14, 10, 12, 16, 20, 14, 15, 11, 13, 12, 9, 12, 14, 15, 14, 13, 15, 15, 11, 17, 21, 21, 21, 18, 22, 21, 21, 19, 22, 19, 20, 21, 20, 21, 14, 6, 9, 14, 18, 15, 16, 16, 14, 14, 11, 16, 13, 17, 16, 16, 15, 16, 10, 12, 9, 17, 17, 18, 10, 1, 6, 0, 1, 1, 1, 1, 2, 0, 0, 1, 0, 6, 8, 9]}, null, null, 29300, false, [], false, 0, [], null, 0, 1601585396.5545907, 0, {}]
[{"0": [11, 11, 11, 14, 13, 19, 15, 14, 12, 13, 10, 14, 13, 15, 4, 4, 2, 1, 1, 5, 7, 8, 9, 9, 11, 7, 14, 11, 7, 8, 12, 7, 8, 10, 7, 14, 5, 6, 3, 2, 3, 3, 2, 3, 15, 16, 17, 20, 17, 11, 10, 15, 17, 17, 14, 12, 13, 12, 14, 14, 11, 12, 14, 11, 12, 12, 12, 14, 11, 14, 17, 19, 23, 20, 20, 21, 19, 21, 23, 19, 20, 21, 21, 18, 17, 11, 8, 9, 8, 10, 11, 14, 16, 11, 15, 16, 11, 12, 14, 14, 10, 16, 16, 5, 8, 7, 15, 18, 20, 4, 2, 0, 1, 0, 0, 1, 0, 1, 0, 1]}, null, null, 29350, false, [], false, 0, [], null, 0, 1601585458.2027106, 0, {}]
[{"0": [2, 2, 2, 4, 7, 11, 8, 10, 15, 12, 13, 12, 16, 13, 9, 14, 18, 11, 13, 7, 4, 1, 4, 2, 3, 11, 10, 7, 6, 7, 9, 11, 6, 3, 8, 8, 7, 15, 11, 11, 6, 3, 4, 3, 3, 1, 5, 0, 6, 12, 14, 15, 14, 15, 13, 16, 9, 13, 14, 13, 14, 10, 13, 11, 12, 8, 13, 14, 10, 13, 15, 12, 9, 9, 16, 22, 20, 20, 22, 22, 21, 19, 18, 18, 21, 20, 21, 22, 17, 15, 12, 11, 9, 12, 10, 16, 13, 13, 12, 15, 14, 13, 14, 17, 11, 18, 14, 13, 9, 12, 12, 19, 20, 15, 0, 1, 1, 0, 1, 0]}, null, null, 29400, false, [], false, 0, [], null, 0, 1601585518.5843065, 0, {}]
[{"0": [0, 2, 0, 5, 2, 2, 2, 5, 7, 10, 15, 15, 13, 16, 15, 15, 16, 8, 11, 10, 8, 15, 13, 5, 1, 0, 4, 1, 4, 7, 10, 4, 7, 8, 10, 6, 9, 9, 6, 10, 12, 8, 10, 14, 8, 8, 4, 1, 2, 2, 2, 2, 5, 13, 12, 16, 18, 15, 12, 15, 10, 13, 14, 16, 11, 16, 13, 13, 15, 10, 14, 10, 11, 12, 9, 15, 16, 13, 16, 19, 22, 20, 18, 20, 21, 23, 18, 21, 19, 19, 19, 22, 20, 20, 11, 6, 9, 13, 9, 8, 10, 12, 17, 13, 10, 11, 12, 9, 17, 12, 11, 12, 11, 10, 6, 17, 20, 19, 16, 4]}, null, null, 29450, false, [], false, 0, [], null, 0, 1601585577.4091897, 0, {}]
[{"0": [0, 0, 0, 1, 2, 0, 2, 2, 0, 4, 4, 5, 7, 6, 7, 7, 9, 14, 12, 8, 8, 13, 16, 13, 13, 12, 11, 7, 9, 4, 1, 1, 1, 2, 5, 8, 10, 5, 8, 7, 12, 6, 8, 7, 11, 7, 9, 11, 6, 9, 5, 6, 2, 1, 5, 3, 3, 11, 12, 11, 15, 20, 16, 8, 8, 8, 14, 12, 13, 11, 17, 10, 13, 8, 15, 11, 13, 10, 14, 13, 16, 13, 13, 18, 18, 21, 21, 18, 20, 21, 18, 17, 20, 20, 19, 19, 21, 19, 10, 9, 13, 10, 9, 10, 8, 12, 12, 12, 10, 9, 12, 14, 11, 14, 11, 13, 12, 5, 5, 15]}, null, null, 29500, false, [], false, 0, [], null, 0, 1601585636.3348718, 0, {}]
[{"0": [20, 19, 10, 1, 0, 0, 0, 1, 4, 2, 1, 0, 0, 3, 0, 4, 8, 7, 4, 5, 12, 15, 10, 7, 11, 8, 11, 14, 7, 16, 13, 4, 2, 1, 0, 1, 0, 5, 7, 9, 7, 10, 9, 8, 7, 10, 6, 13, 5, 7, 9, 11, 8, 6, 4, 3, 4, 1, 2, 4, 3, 11, 9, 15, 15, 20, 10, 9, 7, 11, 9, 13, 15, 14, 9, 11, 10, 16, 11, 11, 8, 8, 12, 13, 8, 11, 16, 19, 20, 20, 21, 19, 19, 18, 21, 20, 19, 21, 18, 18, 17, 12, 8, 7, 12, 9, 12, 5, 12, 10, 12, 12, 11, 11, 12, 13, 8, 11, 15, 5]}, null, null, 29550, false, [], false, 0, [], null, 0, 1601585697.5360627, 0, {}]
[{"0": [11, 8, 16, 19, 19, 15, 2, 1, 0, 0, 0, 3, 2, 0, 1, 1, 0, 2, 3, 7, 7, 6, 9, 9, 9, 12, 12, 8, 12, 11, 9, 11, 9, 11, 8, 3, 4, 2, 7, 2, 2, 9, 10, 6, 6, 9, 11, 9, 9, 7, 4, 9, 7, 10, 8, 6, 8, 7, 3, 5, 2, 1, 2, 3, 9, 7, 15, 10, 16, 9, 13, 10, 7, 13, 9, 14, 10, 8, 11, 7, 11, 11, 10, 8, 9, 9, 7, 10, 8, 11, 19, 19, 20, 18, 18, 19, 21, 19, 21, 18, 19, 22, 18, 18, 13, 9, 7, 9, 9, 10, 7, 10, 12, 12, 14, 10, 11, 12, 9, 8]}, null, null, 29600, false, [], false, 0, [], null, 0, 1601585758.8054342, 0, {}]
[{"0": [12, 13, 6, 5, 12, 15, 17, 17, 14, 3, 1, 1, 1, 1, 1, 0, 2, 0, 0, 1, 2, 4, 5, 4, 11, 7, 9, 10, 11, 7, 12, 13, 8, 5, 12, 13, 11, 8, 6, 3, 1, 1, 2, 2, 9, 6, 11, 5, 9, 8, 6, 5, 10, 5, 11, 6, 4, 9, 7, 8, 4, 1, 1, 5, 2, 2, 2, 6, 12, 9, 12, 16, 17, 12, 9, 5, 9, 7, 10, 12, 14, 9, 7, 7, 10, 14, 14, 13, 13, 12, 11, 10, 12, 12, 19, 19, 22, 21, 18, 19, 17, 20, 20, 20, 16, 17, 18, 19, 19, 12, 7, 13, 10, 13, 8, 8, 13, 13, 11, 8]}, null, null, 29650, false, [], false, 0, [], null, 0, 1601585818.2881079, 0, {}]
[{"0": [9, 11, 13, 12, 14, 15, 13, 11, 9, 11, 13, 18, 18, 14, 2, 4, 0, 0, 0, 0, 0, 0, 0, 2, 0, 1, 3, 8, 7, 8, 6, 13, 11, 14, 8, 12, 12, 10, 8, 9, 10, 9, 3, 1, 0, 1, 1, 0, 5, 6, 6, 9, 8, 8, 8, 4, 9, 9, 9, 7, 6, 7, 6, 7, 9, 6, 8, 4, 4, 6, 2, 1, 7, 7, 11, 12, 15, 13, 11, 9, 7, 8, 15, 16, 9, 9, 6, 6, 12, 9, 10, 8, 11, 6, 15, 8, 8, 10, 13, 17, 19, 19, 18, 18, 17, 18, 17, 19, 18, 17, 20, 14, 14, 11, 6, 5, 9, 7, 10, 9]}, null, null, 29700, false, [], false, 0, [], null, 0, 1601585880.4338236, 0, {}]
[{"0": [6, 10, 12, 11, 12, 9, 14, 8, 8, 8, 9, 6, 8, 8, 14, 15, 19, 13, 2, 5, 0, 1, 1, 3, 0, 1, 2, 0, 0, 2, 4, 7, 5, 4, 6, 7, 13, 8, 8, 9, 8, 11, 13, 8, 9, 14, 5, 4, 1, 2, 3, 3, 2, 1, 15, 10, 11, 5, 6, 8, 6, 7, 9, 9, 7, 11, 7, 9, 9, 3, 6, 6, 4, 2, 1, 1, 6, 12, 9, 14, 14, 8, 12, 8, 8, 5, 8, 8, 9, 10, 4, 10, 9, 7, 9, 11, 7, 8, 6, 9, 11, 14, 10, 15, 18, 21, 18, 18, 16, 19, 17, 18, 20, 17, 20, 17, 13, 8, 3, 5]}, null, null, 29750, false, [], false, 0, [], null, 0, 1601585936.7045124, 0, {}]
[{"0": [9, 9, 10, 7, 10, 7, 9, 8, 11, 11, 12, 9, 6, 13, 10, 9, 6, 2, 16, 17, 19, 12, 3, 1, 2, 2, 0, 1, 0, 1, 1, 1, 0, 0, 3, 7, 3, 4, 6, 10, 7, 12, 15, 10, 8, 7, 11, 8, 8, 11, 7, 7, 0, 0, 2, 2, 7, 9, 6, 4, 11, 9, 8, 4, 6, 8, 8, 9, 5, 5, 11, 10, 8, 0, 3, 3, 4, 2, 3, 4, 8, 10, 10, 10, 16, 12, 11, 6, 9, 8, 11, 11, 10, 10, 6, 16, 9, 6, 9, 8, 9, 10, 6, 9, 5, 14, 14, 18, 20, 15, 17, 18, 17, 16, 17, 17, 15, 19, 17, 14]}, null, null, 29800, false, [], false, 0, [], null, 0, 1601585998.1428976, 0, {}]
[{"0": [11, 9, 6, 7, 9, 6, 4, 7, 7, 11, 10, 10, 6, 13, 10, 5, 5, 10, 8, 5, 9, 15, 14, 17, 9, 2, 2, 3, 0, 1, 1, 2, 1, 2, 0, 1, 1, 4, 7, 5, 9, 7, 8, 12, 10, 9, 14, 10, 10, 10, 8, 10, 11, 4, 3, 3, 2, 3, 3, 5, 7, 5, 9, 8, 4, 7, 8, 6, 11, 7, 4, 4, 6, 7, 7, 5, 4, 5, 1, 3, 3, 2, 1, 7, 9, 11, 12, 10, 14, 10, 10, 4, 7, 11, 14, 7, 11, 5, 10, 11, 6, 4, 7, 7, 7, 9, 8, 7, 12, 15, 20, 18, 19, 15, 13, 12, 18, 12, 16, 16]}, null, null, 29850, false, [], false, 0, [], null, 0, 1601586058.4695995, 0, {}]
[{"0": [18, 13, 16, 7, 7, 3, 9, 6, 10, 4, 11, 7, 10, 8, 7, 11, 8, 9, 7, 10, 10, 9, 6, 6, 15, 18, 18, 16, 8, 0, 1, 1, 1, 2, 0, 1, 0, 0, 1, 5, 2, 3, 3, 7, 9, 5, 8, 10, 7, 10, 14, 5, 8, 10, 8, 7, 9, 7, 2, 4, 1, 1, 2, 1, 8, 9, 8, 6, 8, 10, 6, 4, 8, 2, 7, 10, 6, 10, 9, 5, 6, 6, 2, 3, 5, 2, 3, 4, 13, 9, 9, 13, 12, 10, 6, 10, 7, 9, 10, 9, 10, 6, 6, 8, 5, 6, 12, 9, 8, 10, 13, 6, 10, 8, 14, 14, 18, 16, 15, 12]}, null, null, 29900, false, [], false, 0, [], null, 0, 1601586118.8176708, 0, {}]
[{"0": [16, 15, 16, 13, 16, 17, 13, 13, 9, 5, 6, 9, 8, 11, 6, 12, 6, 9, 8, 9, 8, 10, 9, 10, 4, 10, 7, 2, 7, 12, 12, 19, 9, 7, 1, 0, 1, 0, 1, 0, 1, 0, 0, 1, 2, 3, 4, 9, 7, 7, 9, 13, 8, 9, 9, 6, 7, 5, 11, 10, 10, 4, 4, 1, 0, 2, 1, 5, 6, 4, 8, 6, 7, 10, 7, 4, 9, 5, 7, 4, 7, 4, 6, 7, 10, 5, 4, 4, 3, 1, 7, 6, 6, 9, 5, 12, 11, 11, 4, 6, 7, 5, 8, 9, 7, 8, 7, 8, 7, 9, 6, 10, 12, 10, 4, 4, 6, 12, 15, 13]}, null, null, 29950, false, [], false, 0, [], null, 0, 1601586179.5215302, 0, {}]
[{"0": [14, 14, 12, 17, 15, 10, 14, 16, 15, 12, 15, 16, 10, 3, 7, 2, 6, 10, 7, 12, 10, 10, 8, 12, 8, 9, 9, 10, 12, 11, 7, 6, 3, 11, 11, 14, 8, 5, 1, 1, 0, 0, 0, 0, 0, 0, 0, 2, 3, 3, 10, 7, 5, 3, 9, 6, 9, 9, 4, 9, 8, 12, 6, 12, 8, 5, 4, 2, 3, 2, 3, 0, 7, 4, 6, 5, 5, 8, 9, 3, 5, 5, 4, 6, 7, 6, 4, 11, 6, 4, 2, 1, 3, 4, 2, 5, 6, 9, 11, 9, 6, 12, 5, 10, 8, 6, 12, 6, 9, 9, 5, 9, 8, 5, 7, 8, 10, 6, 7, 6]}, null, null, 30000, false, [], false, 0, [], null, 0, 1601586240.8538163, 0, {}]
[{"0": [7, 8, 16, 13, 15, 10, 12, 13, 15, 13, 14, 16, 14, 13, 9, 9, 6, 3, 6, 9, 7, 6, 7, 8, 7, 10, 8, 9, 7, 7, 8, 8, 8, 11, 5, 10, 4, 12, 14, 14, 13, 2, 0, 0, 1, 0, 0, 0, 0, 1, 1, 1, 3, 5, 3, 2, 7, 8, 10, 8, 7, 7, 10, 8, 9, 6, 6, 6, 7, 7, 7, 3, 3, 2, 2, 2, 0, 3, 3, 2, 4, 6, 2, 4, 10, 5, 6, 5, 5, 10, 7, 9, 6, 3, 7, 1, 5, 3, 1, 1, 5, 8, 13, 13, 15, 9, 15, 8, 6, 7, 13, 10, 9, 7, 6, 8, 7, 2, 2, 5]}, null, null, 30050, false, [], false, 0, [], null, 0, 1601586294.4341524, 0, {}]
[{"0": [7, 8, 6, 7, 7, 7, 16, 12, 13, 11, 12, 7, 15, 15, 11, 11, 12, 10, 15, 11, 6, 8, 6, 6, 5, 5, 6, 2, 7, 6, 7, 8, 6, 7, 8, 9, 12, 9, 5, 3, 6, 12, 9, 12, 5, 1, 0, 0, 0, 0, 0, 0, 0, 1, 1, 1, 1, 4, 8, 2, 7, 4, 5, 10, 6, 10, 8, 13, 9, 9, 12, 9, 7, 5, 3, 4, 2, 4, 0, 0, 8, 6, 8, 3, 2, 5, 4, 6, 6, 8, 6, 4, 8, 6, 5, 6, 7, 2, 2, 4, 2, 2, 4, 5, 6, 11, 6, 9, 10, 6, 7, 3, 6, 9, 10, 8, 6, 5, 5, 8]}, null, null, 30100, false, [], false, 0, [], null, 0, 1601586358.661779, 0, {}]
[{"0": [5, 6, 11, 4, 9, 8, 6, 2, 6, 13, 10, 11, 8, 11, 12, 9, 11, 12, 11, 13, 11, 11, 12, 13, 3, 4, 4, 3, 3, 4, 6, 7, 5, 7, 8, 10, 6, 5, 8, 9, 3, 9, 8, 6, 2, 9, 13, 9, 10, 6, 1, 0, 0, 1, 0, 0, 0, 0, 0, 0, 1, 2, 3, 1, 4, 6, 4, 8, 8, 8, 8, 11, 5, 9, 8, 7, 5, 6, 6, 6, 4, 0, 5, 1, 3, 6, 4, 3, 6, 5, 7, 5, 6, 3, 4, 5, 9, 5, 9, 7, 5, 4, 7, 4, 2, 1, 2, 0, 8, 5, 9, 6, 10, 7, 6, 7, 2, 5, 10, 8]}, null, null, 30150, false, [], false, 0, [], null, 0, 1601586418.4692466, 0, {}]
[{"0": [1, 7, 3, 4, 5, 8, 3, 4, 4, 3, 8, 6, 5, 6, 5, 9, 10, 7, 8, 12, 12, 11, 13, 12, 11, 11, 10, 12, 10, 3, 5, 4, 5, 1, 5, 5, 4, 7, 0, 5, 8, 10, 4, 4, 6, 2, 2, 8, 6, 2, 11, 10, 11, 3, 1, 2, 0, 0, 0, 1, 0, 0, 0, 0, 1, 2, 4, 5, 6, 1, 6, 10, 5, 7, 6, 7, 8, 13, 8, 7, 7, 8, 6, 2, 2, 2, 0, 2, 6, 2, 5, 7, 1, 5, 2, 4, 3, 6, 3, 5, 5, 5, 5, 5, 4, 6, 3, 2, 3, 4, 1, 3, 4, 8, 9, 10, 12, 10, 10, 5]}, null, null, 30200, false, [], false, 0, [], null, 0, 1601586478.713042, 0, {}]
[{"0": [1, 1, 9, 11, 6, 3, 4, 3, 1, 5, 8, 4, 8, 4, 7, 8, 6, 4, 4, 5, 8, 14, 8, 12, 10, 16, 8, 6, 5, 8, 7, 10, 2, 3, 3, 1, 2, 4, 2, 5, 5, 0, 11, 5, 4, 5, 4, 3, 8, 4, 3, 7, 6, 3, 5, 10, 5, 10, 1, 0, 0, 0, 0, 0, 0, 0, 0, 1, 0, 5, 1, 4, 2, 3, 5, 3, 5, 10, 6, 6, 5, 6, 6, 10, 3, 7, 2, 2, 2, 3, 0, 0, 2, 3, 5, 7, 1, 1, 2, 3, 4, 4, 4, 5, 9, 7, 6, 7, 10, 1, 3, 5, 2, 3, 3, 2, 4, 6, 10, 9]}, null, null, 30250, false, [], false, 0, [], null, 0, 1601586537.426782, 0, {}]
[{"0": [8, 11, 7, 1, 0, 1, 8, 4, 4, 4, 3, 3, 0, 6, 0, 3, 0, 3, 1, 6, 4, 2, 4, 10, 8, 7, 6, 10, 8, 5, 7, 10, 10, 8, 5, 5, 7, 6, 3, 5, 2, 2, 5, 5, 0, 4, 2, 2, 1, 7, 3, 4, 0, 5, 9, 7, 1, 3, 5, 6, 5, 7, 7, 2, 0, 0, 0, 0, 0, 0, 0, 0, 0, 2, 2, 1, 4, 1, 4, 4, 6, 9, 5, 7, 3, 5, 10, 4, 6, 5, 8, 1, 1, 3, 2, 0, 1, 0, 0, 6, 4, 4, 0, 1, 7, 4, 1, 4, 3, 7, 6, 6, 7, 6, 7, 3, 5, 6, 3, 4]}, null, null, 30300, false, [], false, 0, [], null, 0, 1601586598.7892118, 0, {}]
[{"0": [2, 3, 5, 7, 4, 9, 7, 2, 2, 0, 1, 0, 2, 3, 0, 2, 3, 5, 3, 1, 5, 3, 3, 1, 3, 4, 6, 5, 1, 5, 8, 6, 7, 1, 11, 5, 13, 6, 8, 10, 2, 1, 2, 3, 2, 1, 1, 0, 1, 2, 4, 6, 5, 2, 5, 4, 2, 3, 2, 3, 4, 7, 4, 7, 9, 9, 6, 4, 1, 0, 0, 0, 0, 0, 0, 0, 0, 0, 3, 1, 1, 2, 2, 1, 5, 7, 5, 7, 8, 5, 7, 12, 7, 9, 5, 4, 4, 2, 1, 1, 1, 1, 1, 1, 5, 1, 5, 1, 4, 4, 2, 4, 4, 2, 3, 5, 4, 6, 4, 2]}, null, null, 30350, false, [], false, 0, [], null, 0, 1601586659.5801773, 0, {}]
[{"0": [2, 2, 1, 4, 1, 1, 5, 7, 1, 6, 5, 5, 4, 2, 3, 2, 1, 1, 1, 3, 2, 3, 0, 2, 1, 2, 1, 3, 1, 0, 1, 3, 2, 4, 8, 10, 7, 4, 6, 5, 7, 3, 5, 5, 7, 4, 3, 4, 3, 2, 1, 4, 1, 1, 1, 3, 7, 2, 5, 1, 2, 3, 3, 3, 3, 4, 2, 8, 4, 5, 8, 8, 7, 2, 0, 0, 0, 0, 0, 0, 0, 0, 0, 0, 4, 1, 2, 3, 1, 7, 2, 7, 6, 5, 5, 8, 6, 4, 5, 4, 3, 4, 5, 1, 0, 0, 0, 2, 2, 4, 3, 0, 2, 2, 2, 4, 3, 4, 6, 1]}, null, null, 30400, false, [], false, 0, [], null, 0, 1601586718.237303, 0, {}]
[{"0": [4, 3, 5, 1, 1, 2, 2, 0, 4, 4, 6, 6, 5, 9, 8, 7, 8, 2, 1, 2, 2, 6, 1, 1, 0, 2, 0, 2, 2, 1, 4, 0, 3, 2, 1, 6, 2, 3, 5, 7, 8, 1, 8, 4, 7, 3, 4, 4, 4, 3, 1, 1, 1, 1, 1, 2, 0, 3, 5, 0, 2, 1, 1, 1, 5, 3, 3, 3, 3, 0, 4, 5, 4, 9, 7, 5, 1, 0, 0, 0, 0, 0, 0, 0, 0, 0, 0, 2, 5, 0, 2, 1, 2, 6, 7, 7, 6, 2, 2, 8, 6, 8, 6, 4, 3, 0, 0, 0, 0, 0, 1, 5, 3, 0, 2, 2, 3, 2, 3, 1]}, null, null, 30450, false, [], false, 0, [], null, 0, 1601586777.5508928, 0, {}]
[{"0": [1, 5, 2, 5, 6, 2, 4, 3, 2, 1, 0, 6, 3, 1, 3, 7, 8, 5, 6, 4, 2, 2, 1, 1, 3, 7, 0, 0, 1, 1, 2, 2, 2, 0, 1, 3, 1, 2, 0, 5, 5, 1, 6, 7, 0, 3, 4, 1, 2, 5, 0, 4, 6, 2, 3, 5, 3, 1, 2, 2, 0, 3, 0, 1, 3, 3, 2, 0, 2, 4, 2, 2, 4, 4, 4, 9, 4, 3, 12, 5, 0, 0, 0, 0, 0, 0, 0, 1, 0, 1, 0, 3, 1, 2, 2, 2, 4, 5, 2, 6, 5, 3, 5, 1, 3, 8, 2, 4, 1, 2, 0, 1, 0, 1, 1, 2, 5, 2, 1, 1]}, null, null, 30500, false, [], false, 0, [], null, 0, 1601586837.062959, 0, {}]
[{"0": [2, 1, 2, 4, 2, 0, 4, 4, 2, 3, 5, 2, 1, 0, 1, 0, 0, 2, 3, 2, 2, 6, 7, 6, 0, 0, 0, 2, 1, 0, 1, 1, 0, 0, 0, 0, 0, 1, 3, 0, 1, 1, 0, 2, 3, 3, 4, 1, 2, 3, 2, 7, 3, 4, 2, 5, 4, 9, 5, 2, 2, 0, 2, 0, 1, 1, 0, 3, 0, 1, 0, 1, 0, 2, 2, 3, 4, 0, 1, 4, 5, 6, 3, 0, 0, 0, 0, 0, 0, 0, 0, 0, 0, 0, 2, 3, 1, 0, 5, 1, 4, 2, 4, 5, 6, 2, 4, 2, 4, 4, 4, 3, 1, 2, 0, 0, 0, 0, 2, 1]}, null, null, 30550, false, [], false, 0, [], null, 0, 1601586899.0320995, 0, {}]
[{"0": [2, 1, 3, 1, 1, 0, 2, 1, 3, 6, 1, 0, 5, 2, 0, 3, 0, 1, 0, 1, 0, 3, 3, 5, 3, 6, 7, 4, 6, 3, 2, 1, 1, 1, 2, 0, 2, 1, 1, 3, 1, 0, 2, 1, 1, 1, 1, 1, 4, 1, 8, 1, 3, 2, 0, 4, 1, 2, 2, 1, 4, 3, 3, 1, 4, 3, 3, 4, 1, 1, 1, 1, 4, 5, 2, 2, 1, 3, 3, 2, 2, 2, 1, 2, 4, 2, 3, 2, 1, 0, 0, 0, 1, 0, 0, 0, 0, 0, 1, 1, 4, 3, 4, 0, 1, 5, 2, 3, 3, 2, 1, 3, 2, 1, 3, 3, 1, 0, 0, 0]}, null, null, 30600, false, [], false, 0, [], null, 0, 1601586955.7198188, 0, {}]
[{"0": [0, 0, 1, 1, 3, 3, 1, 1, 1, 0, 1, 0, 4, 1, 4, 1, 3, 3, 0, 3, 0, 0, 0, 1, 2, 5, 1, 4, 2, 4, 8, 2, 1, 1, 1, 0, 2, 0, 2, 2, 1, 0, 2, 1, 0, 1, 0, 1, 2, 1, 2, 0, 0, 7, 3, 4, 2, 3, 1, 3, 3, 3, 1, 1, 0, 0, 1, 4, 1, 3, 5, 3, 1, 2, 1, 1, 2, 1, 3, 2, 1, 1, 2, 5, 3, 2, 2, 3, 3, 1, 3, 2, 0, 0, 1, 0, 0, 0, 0, 0, 0, 0, 0, 2, 1, 2, 1, 2, 1, 1, 1, 1, 3, 2, 0, 1, 1, 3, 3, 3]}, null, null, 30650, false, [], false, 0, [], null, 0, 1601587018.229632, 0, {}]
[{"0": [1, 0, 0, 0, 0, 1, 0, 1, 1, 3, 2, 1, 2, 2, 1, 1, 2, 0, 1, 2, 4, 4, 0, 1, 1, 1, 1, 1, 0, 2, 3, 1, 2, 3, 4, 1, 2, 2, 1, 1, 3, 1, 0, 1, 2, 1, 1, 0, 1, 1, 2, 0, 3, 1, 3, 3, 0, 0, 1, 1, 0, 2, 2, 6, 3, 2, 1, 1, 1, 4, 2, 1, 4, 1, 2, 1, 1, 2, 0, 4, 5, 0, 3, 3, 3, 0, 4, 2, 3, 2, 2, 3, 1, 0, 2, 2, 1, 3, 4, 2, 0, 0, 1, 0, 0, 0, 0, 0, 0, 0, 0, 0, 2, 3, 1, 5, 3, 0, 1, 2]}, null, null, 30700, false, [], false, 0, [], null, 0, 1601587075.6064095, 0, {}]
[{"0": [3, 1, 1, 2, 2, 2, 0, 0, 1, 0, 2, 1, 0, 0, 0, 0, 1, 2, 1, 1, 2, 4, 1, 6, 1, 1, 1, 0, 2, 1, 1, 1, 1, 0, 0, 0, 0, 0, 3, 2, 0, 2, 0, 2, 4, 0, 0, 1, 2, 0, 1, 1, 2, 0, 4, 1, 1, 1, 0, 2, 0, 3, 1, 3, 1, 5, 3, 2, 1, 1, 2, 4, 2, 0, 0, 1, 5, 1, 1, 3, 3, 2, 1, 2, 3, 2, 2, 1, 2, 4, 2, 2, 2, 1, 2, 3, 2, 4, 2, 4, 0, 4, 2, 1, 2, 2, 0, 0, 0, 0, 0, 0, 0, 0, 0, 1, 0, 0, 2, 0]}, null, null, 30750, false, [], false, 0, [], null, 0, 1601587145.8950002, 0, {}]
[{"0": [3, 5, 0, 2, 0, 0, 0, 0, 1, 2, 3, 0, 0, 0, 2, 0, 0, 0, 0, 0, 0, 2, 3, 3, 0, 1, 0, 0, 2, 2, 4, 0, 0, 1, 0, 1, 3, 4, 0, 0, 4, 0, 0, 2, 2, 0, 0, 3, 2, 1, 0, 2, 2, 0, 1, 1, 3, 0, 1, 1, 1, 1, 2, 2, 2, 2, 1, 5, 1, 2, 1, 0, 1, 1, 2, 5, 1, 1, 1, 1, 2, 4, 1, 5, 1, 0, 3, 1, 6, 2, 2, 1, 1, 1, 1, 0, 1, 1, 2, 3, 0, 2, 2, 0, 3, 0, 0, 3, 3, 3, 0, 0, 0, 0, 0, 0, 0, 0, 0, 0]}, null, null, 30800, false, [], false, 0, [], null, 0, 1601587192.94037, 0, {}]
[{"0": [1, 0, 0, 1, 1, 1, 3, 3, 2, 0, 1, 1, 0, 0, 1, 0, 0, 4, 1, 0, 0, 0, 0, 0, 0, 1, 2, 0, 3, 2, 2, 1, 4, 0, 2, 0, 0, 3, 1, 1, 0, 0, 1, 0, 1, 0, 1, 0, 0, 2, 0, 1, 5, 1, 0, 1, 0, 2, 0, 3, 2, 1, 2, 3, 2, 2, 1, 1, 1, 1, 3, 1, 0, 4, 1, 1, 2, 2, 3, 2, 2, 4, 0, 2, 4, 3, 4, 2, 4, 3, 1, 3, 1, 2, 2, 4, 0, 1, 1, 2, 2, 1, 2, 1, 0, 1, 0, 2, 2, 1, 1, 3, 2, 2, 0, 0, 0, 0, 1, 0]}, null, null, 30850, false, [], false, 0, [], null, 0, 1601587266.0897832, 0, {}]
[{"0": [0, 0, 0, 0, 0, 0, 0, 0, 1, 1, 1, 0, 2, 0, 0, 0, 0, 1, 1, 0, 2, 2, 0, 2, 2, 0, 0, 0, 0, 0, 1, 2, 1, 1, 3, 2, 0, 1, 0, 2, 1, 1, 4, 1, 1, 4, 1, 0, 1, 1, 0, 0, 0, 4, 2, 0, 1, 2, 1, 1, 2, 0, 3, 1, 0, 4, 1, 1, 1, 2, 3, 4, 5, 1, 2, 2, 5, 3, 1, 2, 2, 1, 1, 3, 4, 6, 2, 2, 2, 5, 1, 3, 3, 5, 1, 1, 1, 0, 1, 0, 3, 1, 0, 0, 0, 2, 0, 1, 2, 1, 1, 2, 1, 0, 3, 2, 1, 3, 0, 0]}, null, null, 30900, false, [], false, 0, [], null, 0, 1601587320.801151, 0, {}]
[{"0": [0, 0, 0, 0, 0, 0, 0, 0, 0, 1, 0, 0, 1, 1, 2, 0, 2, 3, 1, 0, 1, 2, 0, 3, 0, 1, 3, 0, 0, 0, 0, 0, 0, 0, 0, 0, 1, 0, 4, 2, 0, 2, 2, 2, 1, 1, 1, 2, 1, 0, 2, 2, 0, 0, 0, 0, 0, 0, 1, 2, 0, 2, 4, 0, 0, 0, 0, 1, 2, 2, 1, 0, 0, 3, 0, 0, 2, 3, 0, 2, 0, 0, 2, 2, 0, 1, 1, 1, 1, 0, 0, 2, 2, 1, 4, 0, 3, 2, 1, 2, 0, 0, 0, 2, 1, 0, 0, 0, 0, 0, 0, 2, 1, 2, 2, 0, 0, 0, 1, 0]}, null, null, 30950, false, [], false, 0, [], null, 0, 1601587368.7435014, 0, {}]
[{"0": [5, 0, 1, 2, 1, 0, 0, 0, 0, 0, 0, 0, 0, 0, 0, 0, 0, 0, 0, 0, 0, 2, 3, 2, 1, 1, 0, 1, 2, 0, 0, 2, 1, 2, 0, 0, 0, 0, 0, 0, 0, 0, 3, 1, 2, 1, 0, 0, 0, 0, 3, 2, 1, 1, 3, 0, 1, 0, 0, 1, 0, 0, 0, 0, 0, 2, 0, 1, 3, 0, 0, 0, 1, 2, 4, 4, 1, 0, 0, 1, 0, 1, 0, 0, 2, 1, 0, 2, 1, 0, 0, 1, 1, 0, 3, 2, 2, 2, 0, 1, 2, 3, 2, 2, 0, 0, 1, 1, 1, 2, 1, 3, 0, 0, 0, 1, 0, 0, 0, 0]}, null, null, 31000, true, [], false, 0, [], null, 0, 1601587444.8292685, 0, {}]
