[{"0": [0, 0, 0, 0, 0, 0, 0, 0, 0, 0, 0, 0, 0, 0, 0, 0, 0, 0, 0, 0, 0, 0, 0, 0, 0, 0, 0, 0, 0, 0]}, null, null, 27800, false, [], false, 0, [], null, 0, 1628278994.647776, 0, {}]
[{"0": [0, 0, 0, 0, 0, 0, 0, 0, 0, 0, 0, 0, 0, 0, 0, 0, 0, 0, 0, 0, 0, 0, 0, 0, 0, 0, 0, 0, 0, 0]}, null, null, 27900, false, [], false, 0, [], null, 0, 1628279010.1663363, 0, {}]
[{"0": [0, 0, 0, 0, 0, 0, 0, 0, 0, 0, 0, 0, 0, 0, 0, 0, 0, 0, 0, 0, 0, 0, 0, 0, 0, 0, 0, 0, 0, 0]}, null, null, 28000, false, [], false, 0, [], null, 0, 1628279025.1715903, 0, {}]
[{"0": [0, 0, 0, 0, 0, 0, 0, 0, 0, 0, 0, 0, 0, 0, 0, 0, 0, 0, 0, 0, 0, 0, 0, 0, 0, 0, 0, 0, 0, 0]}, null, null, 28100, false, [], false, 0, [], null, 0, 1628279040.1857727, 0, {}]
[{"0": [0, 0, 0, 0, 0, 0, 0, 0, 0, 0, 0, 0, 0, 0, 0, 0, 0, 0, 0, 0, 0, 0, 0, 0, 0, 0, 0, 0, 0, 0]}, null, null, 28200, false, [], false, 0, [], null, 0, 1628279055.1789696, 0, {}]
[{"0": [0, 0, 0, 0, 0, 0, 0, 0, 0, 0, 0, 0, 0, 0, 0, 0, 0, 0, 0, 0, 0, 0, 0, 0, 0, 0, 0, 0, 0, 0]}, null, null, 28300, false, [], false, 0, [], null, 0, 1628279070.1811938, 0, {}]
[{"0": [0, 0, 2, 0, 2, 0, 0, 0, 0, 0, 2, 3, 0, 2, 0, 2, 1, 0, 1, 0, 4, 0, 0, 0, 3, 0, 0, 0, 0, 0]}, null, null, 28400, false, [], false, 0, [], null, 0, 1628279085.1944778, 0, {}]
[{"0": [3, 1, 0, 3, 2, 1, 0, 0, 2, 5, 1, 0, 0, 4, 1, 4, 0, 3, 2, 0, 3, 4, 1, 2, 0, 3, 0, 0, 0, 0]}, null, null, 28500, false, [], false, 0, [], null, 0, 1628279100.2060127, 0, {}]
[{"0": [1, 0, 2, 3, 0, 0, 0, 0, 0, 1, 0, 0, 5, 1, 0, 0, 0, 0, 0, 0, 3, 1, 0, 0, 0, 0, 2, 2, 3, 2]}, null, null, 28600, false, [], false, 0, [], null, 0, 1628279115.1983075, 0, {}]
[{"0": [1, 0, 0, 0, 0, 0, 0, 0, 0, 0, 0, 0, 0, 0, 1, 0, 0, 0, 0, 0, 0, 0, 0, 0, 0, 0, 0, 0, 0, 0]}, null, null, 28700, false, [], false, 0, [], null, 0, 1628279130.2084923, 0, {}]
[{"0": [0, 0, 0, 0, 0, 0, 0, 0, 0, 0, 0, 0, 0, 0, 0, 0, 0, 0, 0, 0, 0, 0, 0, 0, 0, 0, 0, 0, 1, 0]}, null, null, 28800, false, [], false, 0, [], null, 0, 1628279145.213889, 0, {}]
[{"0": [0, 0, 0, 0, 0, 0, 0, 0, 0, 0, 0, 0, 0, 0, 0, 0, 0, 0, 0, 0, 0, 0, 0, 0, 0, 0, 0, 0, 0, 0]}, null, null, 28900, false, [], false, 0, [], null, 0, 1628279160.2120926, 0, {}]
[{"0": [0, 0, 0, 0, 0, 0, 0, 0, 0, 0, 0, 0, 0, 0, 0, 0, 0, 0, 0, 0, 0, 0, 0, 0, 0, 0, 0, 0, 0, 0]}, null, null, 29000, false, [], false, 0, [], null, 0, 1628279175.215181, 0, {}]
[{"0": [0, 0, 0, 0, 0, 0, 0, 0, 0, 0, 0, 0, 0, 0, 0, 0, 0, 0, 0, 0, 0, 0, 0, 0, 0, 0, 0, 0, 0, 0]}, null, null, 29100, false, [], false, 0, [], null, 0, 1628279190.2194955, 0, {}]
[{"0": [0, 0, 0, 0, 0, 0, 0, 0, 0, 0, 0, 0, 0, 0, 0, 0, 0, 0, 0, 0, 0, 0, 0, 0, 0, 0, 0, 0, 0, 0]}, null, null, 29200, false, [], false, 0, [], null, 0, 1628279205.229507, 0, {}]
