1628729449.9303155	541.433050	18. 26. 18. 39. 31. 23. 14.  9. 12.  8.
1628729472.7508287	541.433050	522. 515. 430. 390. 434. 402. 409. 380. 354. 422.
1628729629.0301194	541.433050	77. 23. 32. 12. 24. 24. 22. 24. 31. 22.
1628729652.3474803	541.433050	396. 424. 346. 288. 392. 371. 394. 361. 392. 389.
1628729678.0521252	541.433050	33. 19. 13. 11.  6. 32.  8. 12. 10.  9.
1628729701.233647	541.433050	374. 402. 320. 385. 334. 351. 344. 378. 327. 400.
1628729726.768531	541.433050	16.  9. 13.  6. 12.  9.  8.  7. 15.  8.
1628729749.9923003	541.433050	390. 371. 342. 328. 391. 334. 355. 306. 413. 350.
1628729775.1713386	541.433050	16. 10.  7. 10. 11.  9.  5. 10.  7.  6.
1628729798.3631237	541.433050	399. 392. 331. 308. 311. 331. 359. 400. 376. 366.
1628729823.0127609	541.433050	44. 29.  2. 15. 10. 10. 32. 14.  8.  9.
1628729845.9610038	541.433050	365. 376. 352. 357. 381. 409. 342. 366. 370. 364.
1628729870.572154	541.433050	28. 13.  5.  6. 13. 15.  8.  9. 17. 14.
1628729893.8782969	541.433050	403. 444. 371. 331. 365. 390. 386. 384. 361. 406.
1628729918.8082054	541.433050	29. 12. 14. 15. 10.  8. 13. 11.  7.  6.
1628729941.922974	541.433050	352. 435. 326. 390. 368. 364. 374. 391. 342. 425.
1628729966.5495243	541.433050	20. 20.  8.  9.  6. 12. 15.  8. 14.  8.
1628729989.8043277	541.433050	394. 397. 367. 354. 313. 335. 389. 383. 361. 414.
1628730014.7733092	541.433050	72. 50. 55. 43. 31. 25. 45. 44. 46. 29.
1628730037.7590392	541.433050	399. 408. 396. 402. 406. 383. 393. 381. 375. 373.
1628730062.4243011	541.433050	27. 28. 12.  7. 10. 12. 37. 23. 13. 13.
1628730086.2451525	541.433050	407. 397. 400. 395. 376. 361. 406. 349. 417. 404.
1628730110.8715754	541.433050	21.  7. 16. 24. 14.  9. 12. 14. 13.  9.
1628730134.0823257	541.433050	380. 400. 342. 323. 365. 337. 360. 325. 354. 326.
1628730171.5246422	541.433050	28. 19. 19.  7. 13.  7.  6. 12.  4.  6.
1628730194.8436794	541.433050	366. 336. 340. 359. 368. 327. 371. 346. 337. 375.
1628730219.6770456	541.433050	25. 13. 22.  9. 11. 18. 19.  8. 12.  5.
1628730242.880963	541.433050	358. 317. 342. 351. 346. 398. 361. 327. 402. 323.
1628730268.124165	541.433050	35. 26. 19. 16. 10. 26.  9. 10. 17.  8.
1628730291.8280458	541.433050	407. 408. 345. 370. 349. 394. 387. 431. 359. 402.
1628730317.0588396	541.433050	23. 12.  9. 10. 11. 23. 11. 11.  9.  9.
1628730340.6521049	541.433050	372. 365. 369. 342. 348. 384. 357. 384. 319. 415.
1628730365.3886385	541.433050	58. 12.  8.  5. 15.  9. 15.  9.  7.  7.
1628730388.665547	541.433050	321. 338. 381. 352. 357. 322. 373. 318. 350. 369.
1628730413.703595	541.433050	20. 12. 15. 13.  7.  8. 10.  9.  5. 11.
1628730436.8140914	541.433050	394. 336. 345. 284. 418. 401. 307. 364. 404. 406.
1628730461.949897	541.433050	24. 12. 16. 11.  8. 10. 13. 14.  4.  8.
1628730485.4103894	541.433050	335. 417. 373. 376. 395. 360. 366. 300. 388. 411.
1628730510.9358785	541.433050	31. 45. 38. 30. 27. 16. 17. 16. 22. 15.
1628730534.268322	541.433050	369. 380. 389. 342. 298. 266. 267. 294. 297. 391.
1628730559.5307174	541.433050	59. 12. 16. 15. 14.  6. 19. 12. 15. 11.
1628730582.801863	541.433050	399. 333. 310. 384. 322. 354. 318. 361. 331. 301.
1628730607.5168142	541.433050	30. 16. 28. 15. 14. 13. 35. 26. 15. 13.
1628730631.6138775	541.433050	300. 268. 316. 248. 253. 271. 257. 336. 312. 292.
1628730656.6343215	541.433050	14. 19. 13.  9. 16. 10. 22. 17.  8. 14.
1628730679.7107859	541.433050	310. 281. 352. 285. 319. 251. 288. 246. 289. 282.
1628730718.1558332	541.433050	28. 25. 21. 19. 12. 10. 30. 10. 24.  7.
1628730741.3478	541.433050	229. 214. 331. 297. 346. 312. 353. 298. 308. 253.
1628730766.6202276	541.433050	19. 18.  6. 16. 14. 13. 13.  9.  9.  5.
1628730789.7049253	541.433050	322. 316. 292. 365. 301. 383. 431. 394. 434. 419.
1628730814.630271	541.433050	21. 18.  7. 11. 14.  5. 17.  7.  6.  8.
1628730837.9494143	541.433050	355. 399. 378. 390. 387. 328. 366. 390. 424. 430.
1628730863.4112844	541.433050	22.  7. 12. 12. 10. 16.  6.  9. 15.  8.
1628730886.7559228	541.433050	346. 455. 346. 351. 386. 381. 369. 378. 344. 411.
1628730911.990561	541.433050	34.  9. 13. 28. 12. 11. 10. 12. 19. 13.
1628730935.7392602	541.433050	386. 403. 381. 398. 419. 392. 410. 448. 420. 402.
1628730961.36575	541.433050	39. 18.  8. 10. 15.  6. 20. 17.  7.  7.
1628730985.7435794	541.433050	337. 404. 366. 388. 363. 313. 347. 300. 301. 292.
1628731010.753774	541.433050	32. 32. 15. 12. 14. 13.  8. 14. 11.  9.
1628731034.4330692	541.433050	327. 353. 318. 332. 320. 348. 314. 267. 356. 303.
1628731059.7969725	541.433050	 7.  8. 11.  9. 13. 12. 13. 21.  7.  4.
1628731082.9208016	541.433050	302. 301. 313. 336. 251. 271. 276. 340. 294. 313.
1628731107.9243622	541.433050	32. 16. 12.  5.  9. 14.  5. 12.  4. 10.
1628731131.115555	541.433050	273. 310. 288. 237. 338. 332. 349. 331. 330. 308.
1628731156.1850362	541.433050	15. 22. 24. 15. 30. 11. 13.  8. 22. 10.
1628731179.498523	541.433050	270. 313. 309. 271. 320. 307. 343. 336. 326. 320.
1628731204.5830662	541.433050	15. 11. 13. 12. 16.  6.  8.  9.  8.  4.
1628731227.9739168	541.433050	312. 361. 344. 378. 361. 336. 335. 346. 403. 359.
1628731270.3307855	541.433050	16. 16. 13.  8.  2.  9. 33.  4.  7.  5.
1628731294.7829173	541.433050	321. 388. 354. 330. 321. 287. 259. 318. 318. 326.
1628731321.4542086	541.433050	15. 18. 11. 11.  5. 12.  8. 11.  9.  3.
1628731345.3466263	541.433050	335. 357. 283. 299. 258. 312. 275. 271. 316. 339.
1628731370.9486375	541.433050	17. 25.  5.  8. 10. 12. 12. 11.  6. 23.
1628731394.8976924	541.433050	307. 309. 346. 350. 343. 286. 341. 309. 362. 311.
1628731420.4246256	541.433050	15. 19. 11.  5. 14.  7. 13.  8. 12.  8.
1628731444.4575512	541.433050	317. 349. 328. 350. 330. 356. 357. 336. 369. 364.
1628731470.010694	541.433050	22. 10. 15.  6. 18. 22.  6. 13. 17.  8.
1628731494.1424239	541.433050	372. 333. 367. 408. 380. 394. 379. 407. 387. 400.
1628731520.096818	541.433050	21. 29. 12.  8.  7. 13. 10. 10. 12.  7.
1628731544.1414955	541.433050	388. 356. 372. 352. 357. 383. 365. 345. 372. 339.
1628731569.8307502	541.433050	35. 27. 20. 13. 19.  9. 19.  5. 18. 32.
1628731593.7342932	541.433050	346. 341. 338. 368. 332. 406. 405. 409. 408. 408.
1628731619.4394393	541.433050	18. 27.  5.  7. 11. 16.  6. 10.  4.  8.
1628731643.805842	541.433050	364. 345. 395. 348. 399. 398. 388. 354. 364. 407.
1628731669.7433527	541.433050	36. 23. 10. 10. 10.  8. 27. 12.  5.  7.
1628731693.8536835	541.433050	368. 378. 414. 385. 410. 387. 422. 371. 375. 371.
1628731720.098672	541.433050	35. 29. 32. 15. 22. 21. 14. 23. 17. 43.
1628731744.1939054	541.433050	381. 372. 417. 377. 419. 403. 424. 394. 434. 436.
1628731770.4821308	541.433050	57. 30.  3. 15. 23.  9. 11.  5.  4. 15.
1628731794.9647124	541.433050	374. 437. 375. 384. 405. 412. 401. 403. 414. 425.
1628731852.2333984	541.433050	 4. 51. 14. 11. 18.  1.  6. 12.  8. 12.
1628731876.1366606	541.433050	314. 352. 363. 383. 398. 342. 390. 354. 336. 366.
1628731901.9246738	541.433050	33. 29. 17. 13. 14. 16. 14. 12.  8.  8.
1628731925.9885755	541.433050	334. 392. 392. 369. 403. 372. 392. 394. 421. 396.
1628731952.6454453	541.433050	36. 47. 26. 17. 29. 14. 15. 10. 14. 29.
1628731976.815525	541.433050	346. 366. 382. 384. 400. 367. 364. 411. 341. 359.
1628732002.6739013	541.433050	41.  6. 10. 14. 16. 13. 12. 10. 28. 10.
1628732026.5895438	541.433050	391. 388. 402. 399. 390. 408. 363. 409. 411. 397.
1628732052.0902727	541.433050	42. 22. 16. 11. 25. 11. 24. 19. 12. 12.
1628732075.8547692	541.433050	346. 355. 427. 393. 418. 408. 405. 363. 434. 389.
1628732101.8862717	541.433050	49. 20. 19.  9. 30. 11. 11.  8. 16. 29.
1628732125.7786596	541.433050	361. 393. 406. 393. 402. 408. 410. 394. 362. 374.
1628732151.361176	541.433050	42. 14. 12. 19. 11. 10.  4.  8. 13.  6.
1628732175.0899017	541.433050	342. 382. 348. 350. 348. 380. 378. 393. 421. 365.
1628732201.668889	541.433050	44. 19.  5. 12. 18. 32. 11. 34.  6.  6.
1628732225.903049	541.433050	358. 362. 340. 358. 351. 366. 380. 372. 348. 367.
1628732251.6416395	541.433050	24. 15. 24. 22. 16. 16. 10. 16. 14. 21.
1628732275.876081	541.433050	363. 352. 356. 363. 315. 401. 372. 411. 393. 387.
1628732301.6431577	541.433050	46. 22. 20. 19. 26. 15. 15. 27. 14.  9.
1628732325.6776311	541.433050	316. 382. 331. 438. 390. 332. 381. 396. 354. 392.
1628732351.446224	541.433050	50. 11. 14. 18.  8. 10.  6. 14.  5. 16.
1628732375.903087	541.433050	332. 387. 330. 351. 353. 350. 338. 377. 368. 327.
1628732415.0533156	541.433050	33.  8. 17. 17. 21. 24.  9. 12. 14. 10.
1628732439.0245068	541.433050	373. 412. 341. 387. 371. 356. 389. 342. 398. 385.
1628732464.600253	541.433050	28.  8. 11. 18. 12. 13. 16.  9. 11. 16.
1628732488.3591237	541.433050	350. 404. 413. 405. 389. 412. 407. 424. 369. 415.
1628732514.2202108	541.433050	28. 17. 14. 10.  6. 14. 18. 15.  5.  8.
1628732538.514618	541.433050	302. 372. 348. 351. 318. 348. 370. 347. 315. 340.
1628732564.6640606	541.433050	28. 16.  9.  9.  5. 18.  4.  9.  9. 11.
1628732589.2961524	541.433050	334. 344. 319. 353. 350. 330. 318. 308. 324. 310.
1628732615.2583823	541.433050	26. 11. 17.  7. 10.  8. 19. 11.  6. 12.
1628732639.6389887	541.433050	352. 363. 345. 295. 343. 368. 340. 345. 312. 329.
1628732665.7314246	541.433050	27.  9. 19. 15.  8. 15. 14. 15.  5.  9.
1628732689.9751034	541.433050	324. 373. 364. 348. 368. 366. 379. 351. 337. 326.
1628732715.997297	541.433050	20. 21. 29. 26.  6.  8. 35. 14. 15. 25.
1628732740.322076	541.433050	343. 367. 359. 343. 336. 341. 390. 325. 398. 343.
1628732766.5606577	541.433050	39. 26. 12. 18. 18.  5. 14. 10. 14.  5.
1628732790.7081194	541.433050	348. 390. 350. 362. 336. 353. 318. 315. 340. 343.
1628732816.8110225	541.433050	28. 15. 14. 15. 10. 10. 24. 10.  8. 14.
1628732841.382911	541.433050	332. 361. 324. 345. 351. 335. 341. 335. 339. 338.
1628732868.3184707	541.433050	30. 16.  9.  6. 15.  3. 14.  6. 11.  9.
1628732892.2169404	541.433050	302. 345. 348. 363. 387. 361. 384. 319. 394. 364.
1628732917.9155712	541.433050	41. 21. 16. 10. 24. 19. 18. 11. 14.  4.
1628732941.781211	541.433050	292. 376. 366. 359. 378. 376. 357. 367. 389. 336.