Metadata,Ionization Freq.:541.433050:THz,Cooling Freq.:607.425990:THz,Repump Freq.:461.312090:THz,Window Start:160.000:us,Window Width:55.000:us,Cooling Sweeps Num:3:,Pulses Per Attempt:10
h,Time	ExpNum	AttemptNum	NeutralCounts	NeutralCounts_std	NumIons	PeakPos
1631545837.3804808	0	1	1.7	0
1631545869.5317106	0	2	3.1	0
1631545902.2088535	0	3	4.3	0
1631545934.4407864	0	4	3.4	1
1631545970.4733336	0	5	4.6	1
1631546002.6666613	0	6	3.0	1
1631546034.9095795	0	7	3.1	2
1631546070.916314	0	8	6.2	2
1631546103.123065	0	9	5.1	2
1631546135.3135517	0	10	4.0	2
1631546167.5172958	0	11	6.1	2
1631546203.595348	0	12	3.8	2
1631546235.7971256	0	13	4.2	2
1631546268.030704	0	14	4.5	3
1631546804.7519488	1	1	3.2	0
1631546841.2573402	1	2	3.2	0
1631546873.455235	1	3	3.0	0
1631546905.692135	1	4	4.2	2
1631546937.8759124	1	5	4.0	1
1631546974.4504745	1	6	4.0	3
1631547513.4852839	2	1	3.3	0
1631547546.0775015	2	2	2.2	0
1631547578.7624974	2	3	2.3	0
1631547615.3494027	2	4	3.8	1
1631547647.9502711	2	5	5.1	1
1631547680.6354637	2	6	3.5	1
1631547712.8297026	2	7	2.3	1
1631547749.4281669	2	8	4.1	2
1631547782.067756	2	9	3.6	3
1631548320.195079	3	1	3.2	0
1631548353.2755616	3	2	2.6	0
1631548390.2882187	3	3	2.8	0
1631548422.9600701	3	4	2.7	0
1631548456.1964586	3	5	4.3	1
1631548489.2309082	3	6	4.0	1
1631548527.2566707	3	7	3.2	1
1631548561.7657244	3	8	4.7	1
1631548597.2496476	3	9	4.5	1
1631548636.4737964	3	10	4.0	1
1631548670.1103761	3	11	4.1	1
1631548705.1808763	3	12	4.6	1
1631548739.2766094	3	13	4.1	2
1631548777.641812	3	14	3.9	2
1631548813.0434322	3	15	4.4	2
1631548848.0583446	3	16	4.6	2
1631548886.5608752	3	17	4.8	2
1631548920.5457623	3	18	4.0	3
1631549460.9931712	4	1	2.2	1
1631549494.0721874	4	2	4.3	1
1631549531.2023845	4	3	3.3	1
1631549565.2477129	4	4	3.5	1
1631549598.8243153	4	5	4.4	1
1631549632.4402077	4	6	5.1	1
1631549669.8887458	4	7	3.3	1
1631549703.9555998	4	8	3.4	1
1631549737.6243825	4	9	4.3	1
1631549771.6248014	4	10	3.8	1
1631549809.558062	4	11	3.3	1
1631549843.1510336	4	12	3.9	1
1631549876.7452729	4	13	2.5	1
1631549914.706253	4	14	3.6	1
1631549948.2859395	4	15	4.6	1
1631549982.3601058	4	16	4.8	1
1631550015.945684	4	17	4.3	1
1631550053.9281268	4	18	3.3	1
1631550087.961163	4	19	4.0	1
1631550121.1244726	4	20	2.4	1
1631550155.1435635	4	21	3.5	1
1631550193.083723	4	22	4.2	1
1631550226.2150683	4	23	3.7	1
1631550259.3371453	4	24	4.6	1
1631550296.347661	4	25	4.9	1
1631550329.457127	4	26	3.7	1
1631550362.6208754	4	27	5.3	1
1631550396.2132826	4	28	4.0	1
1631550433.6754067	4	29	2.9	1
1631550467.300784	4	30	4.4	1
1631550500.9308078	4	31	3.2	2
1631550534.4445806	4	32	4.4	2
1631550571.9340243	4	33	4.4	2
1631550605.5397499	4	34	4.0	2
1631550639.1219933	4	35	4.7	2
1631550672.9001784	4	36	3.9	2
1631550706.0048509	4	37	5.0	2
1631550739.608753	4	38	5.9	2
1631550773.2879078	4	39	4.0	3
1631551318.994951	5	1	3.6	0
1631551352.5869882	5	2	3.1	1
1631551386.1098466	5	3	5.2	1
1631551419.7049546	5	4	2.9	1
1631551457.1823363	5	5	3.8	1
1631551490.7831445	5	6	3.9	1
1631551524.8641255	5	7	5.1	1
1631551558.4955802	5	8	3.7	3
1631552104.2868843	6	1	2.6	0
1631552138.7082472	6	2	3.5	0
1631552172.8313925	6	3	3.5	1
1631552206.8615232	6	4	3.1	1
1631552245.30167	6	5	4.4	3
1631552785.2747474	7	1	3.5	0
1631552820.2262754	7	2	2.5	0
1631552858.6210446	7	3	2.6	0
1631552892.7624996	7	4	3.0	1
1631552927.6905906	7	5	4.3	1
1631552961.7621393	7	6	3.4	1
1631553000.1739976	7	7	3.3	1
1631553034.2101715	7	8	5.6	1
1631553068.2821887	7	9	1.8	1
1631553102.8056033	7	10	4.0	1
1631553141.227568	7	11	4.0	1
1631553175.766834	7	12	3.3	1
1631553210.2819228	7	13	4.1	1
1631553249.6584263	7	14	4.2	1
1631553284.6519132	7	15	4.6	1
1631553319.1450825	7	16	3.6	1
1631553353.758075	7	17	3.7	2
1631553392.087655	7	18	5.7	2
1631553426.614955	7	19	5.3	2
1631553461.150906	7	20	4.9	2
1631553499.7665403	7	21	4.5	2
1631553534.5097172	7	22	3.8	3
1631554086.843086	8	1	1.4	0
1631554121.7858455	8	2	3.1	0
1631554161.0974038	8	3	2.8	0
1631554195.6712015	8	4	1.9	0
1631554230.6392508	8	5	2.9	0
1631554269.4897344	8	6	2.3	0
1631554304.4965725	8	7	4.3	0
1631554339.494483	8	8	2.7	0
1631554374.9715335	8	9	2.7	0
1631554413.84598	8	10	2.8	0
1631554449.28665	8	11	3.5	0
1631554484.8304546	8	12	2.9	1
1631554524.0818858	8	13	2.6	1
1631554558.661577	8	14	3.1	1
1631554594.0874796	8	15	4.2	1
1631554629.1391788	8	16	3.4	2
1631554667.9597764	8	17	5.7	2
1631554702.963962	8	18	4.7	2
1631554737.4797118	8	19	3.4	2
1631554776.7858186	8	20	3.2	2
1631554811.356155	8	21	2.0	2
1631554846.4289057	8	22	2.5	3
1631555400.870649	9	1	0.6	0
1631555440.2059286	9	2	0.2	1
1631555476.0616164	9	3	1.4	1
1631555511.5482502	9	4	2.9	1
1631555550.8587196	9	5	1.6	1
1631555585.8682091	9	6	1.8	1
1631555621.3270879	9	7	1.0	1
1631555656.8076904	9	8	1.5	1
1631555695.658632	9	9	1.7	1
1631555730.668368	9	10	1.3	1
1631555765.6552753	9	11	1.5	1
1631555804.5323658	9	12	1.7	1
1631555840.0039434	9	13	1.5	1
1631555874.999631	9	14	1.0	1
1631555909.9944105	9	15	1.3	1
1631555949.3409653	9	16	1.5	1
1631555984.8060534	9	17	1.7	1
1631556020.246547	9	18	1.9	1
1631556059.6159146	9	19	0.8	1
1631556095.0428307	9	20	1.6	1
1631556130.9754143	9	21	1.5	1
1631556166.4574337	9	22	0.9	1
1631556205.803869	9	23	1.2	1
1631556241.2501502	9	24	1.4	1
1631556276.7396	9	25	1.0	1
1631556317.0139587	9	26	2.0	1
1631556352.4458408	9	27	1.5	1
1631556387.92408	9	28	1.1	1
1631556423.4377124	9	29	1.4	2
1631556462.7295504	9	30	1.5	2
1631556498.642358	9	31	1.2	2
1631556535.0558417	9	32	2.9	2
1631556574.862739	9	33	1.3	2
1631556610.3154595	9	34	2.1	2
1631556645.7685585	9	35	2.2	2
1631556681.714659	9	36	1.2	2
1631556721.040384	9	37	1.4	2
1631556756.5125096	9	38	1.9	2
1631556791.9952621	9	39	1.6	2
1631556831.79192	9	40	1.5	2
1631556867.243423	9	41	2.2	2
1631556902.720798	9	42	2.9	2
1631556938.191034	9	43	1.2	2
1631556977.5151038	9	44	1.6	2
1631557013.4571083	9	45	1.7	2
1631557049.3643825	9	46	1.5	2
1631557089.1823976	9	47	2.3	2
1631557125.0936759	9	48	1.8	2
1631557161.047658	9	49	1.5	2
1631557196.954078	9	50	2.7	2
1631557236.8019261	9	51	2.9	2
1631557272.7231932	9	52	1.7	2
1631557308.631941	9	53	2.6	2
1631557348.4470034	9	54	1.9	2
1631557383.9162335	9	55	1.5	2
1631557419.817751	9	56	1.5	2
1631557455.294434	9	57	2.9	2
1631557494.6362252	9	58	2.1	2
1631557531.536247	9	59	1.5	2
1631557566.8737967	9	60	1.8	2
1631557607.3319077	9	61	2.0	2
1631557643.2878006	9	62	1.7	2
1631557678.710408	9	63	2.1	2
1631557718.5491638	9	64	2.6	2
1631557754.9309666	9	65	1.9	2
1631557790.8510318	9	66	2.6	2
1631557826.7940915	9	67	2.2	2
1631557867.1091654	9	68	2.4	3
1631558426.694604	10	1	2.0	1
1631558462.6006591	10	2	1.7	1
1631558502.3853326	10	3	1.7	1
1631558538.3049667	10	4	0.8	1
1631558574.268768	10	5	1.1	1
1631558614.5192804	10	6	1.5	1
1631558650.5195436	10	7	1.0	2
1631558686.830392	10	8	2.5	2
1631558722.7904494	10	9	1.1	2
1631558762.6346395	10	10	1.6	2
1631558799.0004728	10	11	1.5	2
1631558835.375441	10	12	1.5	2
1631558875.6422846	10	13	1.5	2
1631558912.0300128	10	14	2.9	2
1631558947.989535	10	15	2.1	2
1631558983.9149547	10	16	1.3	2
1631559024.620004	10	17	2.0	2
1631559061.0066574	10	18	1.6	2
1631559097.415846	10	19	1.6	2
1631559137.2802463	10	20	1.7	2
1631559173.6174393	10	21	1.7	2
1631559210.0163276	10	22	1.5	2
1631559246.4404006	10	23	1.0	2
1631559287.1642454	10	24	1.2	2
1631559324.011386	10	25	1.8	2
1631559360.4202487	10	26	1.8	2
1631559401.6383882	10	27	2.1	2
1631559438.495437	10	28	2.0	2
1631559475.3675294	10	29	2.6	2
1631559516.5699666	10	30	1.6	2
1631559553.4263952	10	31	1.8	2
1631559589.8119762	10	32	2.0	2
1631559626.2714984	10	33	2.8	1
1631559667.0137935	10	34	2.9	2
1631559703.8139105	10	35	1.2	2
1631559740.684573	10	36	2.0	2
1631559781.8966274	10	37	2.8	2
1631559818.801945	10	38	2.4	3
1631560393.7932212	11	1	0.9	0
1631560434.9546862	11	2	1.0	0
1631560471.3643234	11	3	1.0	0
1631560508.1956227	11	4	0.8	0
1631560549.4171348	11	5	0.7	0
1631560586.7538538	11	6	0.6	0
1631560623.5870576	11	7	0.5	0
1631560664.8695412	11	8	0.4	0
1631560701.1937573	11	9	0.2	0
1631560738.0959866	11	10	0.4	0
1631560774.4894464	11	11	1.0	0
1631560815.790676	11	12	0.3	0
1631560852.5591564	11	13	0.2	0
1631560889.4035401	11	14	0.3	0
1631560929.6854415	11	15	0.5	0
1631560966.0724623	11	16	0.7	0
1631561002.9528	11	17	0.5	0
1631561040.2827291	11	18	0.4	0
1631561077.7537663	11	19	0.8	0
1631561115.064828	11	20	0.5	0
1631561152.389195	11	21	0.6	0
1631561193.5852985	11	22	0.1	0
1631561230.9800003	11	23	0.3	0
1631561268.2879672	11	24	0.5	0
1631561309.9408274	11	25	0.5	0
1631561346.7891653	11	26	0.4	0
1631561384.1417544	11	27	0.8	0
1631561421.4556506	11	28	0.6	0
1631561462.6904516	11	29	0.6	0
1631561499.571681	11	30	0.4	0
1631561536.4380972	11	31	0.7	0
1631561577.5822172	11	32	0.4	0
1631561614.9457598	11	33	0.8	0
1631561652.2729042	11	34	0.2	0
1631561694.4315279	11	35	0.3	0
1631561731.7370284	11	36	0.6	0
1631561768.5771043	11	37	0.3	0
1631561805.494338	11	38	0.4	0
1631561846.221568	11	39	0.8	0
1631561884.0949683	11	40	0.0	0
1631561920.6505713	11	41	0.5	0
1631561961.3854413	11	42	0.7	0
1631561998.5615766	11	43	0.6	0
1631562036.046496	11	44	0.3	0
1631562077.5636077	11	45	0.6	0
1631562114.8658836	11	46	1.2	0
1631562152.2804773	11	47	1.0	0
1631562189.5402014	11	48	0.7	0
1631562230.765776	11	49	0.6	0
1631562268.0597532	11	50	0.6	0
1631562305.869508	11	51	0.6	0
1631562347.050661	11	52	0.4	0
1631562383.9512217	11	53	0.5	0
1631562421.2618356	11	54	1.1	0
1631562462.4676147	11	55	0.6	0
1631562499.1189346	11	56	1.3	0
1631562536.656037	11	57	0.9	0
1631562573.9762588	11	58	0.8	0
1631562614.519386	11	59	1.1	0
1631562651.4144292	11	60	0.4	1
1631562688.4546986	11	61	1.9	1
1631562729.8131692	11	62	1.4	1
1631562767.4460332	11	63	1.4	1
1631562804.7916648	11	64	2.0	1
1631562845.7341833	11	65	0.9	1
1631562882.9996102	11	66	1.2	1
1631562920.263537	11	67	1.3	1
1631562959.3966458	11	68	1.7	1
1631563001.524638	11	69	2.0	1
1631563038.8485286	11	70	1.5	1
1631563076.6391768	11	71	1.9	1
1631563118.33284	11	72	1.8	1
1631563155.632146	11	73	1.5	1
1631563192.9727695	11	74	1.2	1
1631563234.1847894	11	75	1.8	1
1631563271.9750404	11	76	0.9	1
1631563310.2461126	11	77	1.8	1
1631563351.940586	11	78	0.7	1
1631563389.7209523	11	79	1.7	1
1631563428.4330428	11	80	2.0	1
1631563466.245708	11	81	1.5	1
1631563508.397399	11	82	1.4	1
1631563546.640502	11	83	0.8	1
1631563584.4464567	11	84	0.5	1
1631563626.605465	11	85	1.4	1
1631563664.3653307	11	86	1.1	1
1631563702.6949172	11	87	0.8	0
1631563743.9083295	11	88	1.4	1
1631563781.6380382	11	89	1.0	1
1631563820.388398	11	90	1.2	1
1631563861.5851119	11	91	1.4	1
1631563899.3920896	11	92	1.3	1
1631563937.1688118	11	93	1.5	1
1631563975.4391153	11	94	1.6	1
1631564017.1216714	11	95	0.8	1
1631564054.4341621	11	96	1.6	1
1631564091.757074	11	97	1.7	1
1631564133.4312422	11	98	1.3	1
1631564172.1837323	11	99	1.7	1
1631564210.4363725	11	100	1.1	1
1631564252.6006916	11	101	0.7	1
1631564291.2987695	11	102	0.8	1
1631564330.0221198	11	103	0.7	1
1631564368.2920842	11	104	1.5	1
1631564406.6976266	11	105	1.9	1
1631564444.947066	11	106	1.7	1
1631564484.1792145	11	107	1.3	1
1631564526.3106885	11	108	0.9	1
1631564565.0089116	11	109	0.8	1
1631564602.8276377	11	110	0.5	1
1631564644.4940748	11	111	1.0	1
1631564682.7834904	11	112	1.0	1
1631564720.5777223	11	113	1.2	1
1631564762.2215657	11	114	0.9	1
1631564800.5030794	11	115	0.8	1
1631564839.7008705	11	116	1.4	1
1631564878.4201758	11	117	1.9	1
1631564921.036337	11	118	0.9	1
1631564960.2118168	11	119	1.5	1
1631564998.9392366	11	120	1.4	1
1631565041.5760345	11	121	0.7	1
1631565079.3872948	11	122	2.0	1
1631565118.0803819	11	123	0.9	1
1631565159.7632937	11	124	0.9	1
1631565198.0187337	11	125	1.5	1
1631565236.7905812	11	126	1.6	1
1631565279.3687081	11	127	1.5	1
1631565318.095335	11	128	1.1	1
1631565356.3519132	11	129	1.4	1
1631565399.88621	11	130	0.9	1
1631565438.6084473	11	131	1.1	1
1631565476.98841	11	132	0.6	1
1631565515.6086433	11	133	0.6	1
1631565558.2080848	11	134	0.7	1
1631565596.9200559	11	135	0.7	1
1631565635.6816628	11	136	1.5	1
1631565678.7419145	11	137	0.6	1
1631565717.4912055	11	138	1.1	1
1631565756.1949143	11	139	1.2	1
1631565798.358102	11	140	0.8	1
1631565836.603423	11	141	0.4	1
1631565874.8787613	11	142	0.9	1
1631565917.4845514	11	143	0.7	1
1631565956.215401	11	144	1.4	1
1631565994.926344	11	145	1.3	1
1631566037.557302	11	146	1.0	1
1631566076.2745674	11	147	1.1	1
1631566117.3980038	11	148	0.7	1
1631566155.9265943	11	149	1.2	1
1631566198.3053248	11	150	0.7	1
1631566237.5055232	11	151	1.1	1
1631566276.6824338	11	152	0.4	1
1631566319.2934477	11	153	0.8	1
1631566359.8920946	11	154	0.3	1
1631566398.615253	11	155	0.9	1
1631566441.2184958	11	156	1.0	1
1631566480.905106	11	157	1.0	1
1631566520.0893931	11	158	1.5	1
1631566562.218615	11	159	0.7	1
1631566601.9067948	11	160	1.5	1
1631566640.6034427	11	161	1.0	1
1631566683.2178342	11	162	0.9	1
1631566723.3733714	11	163	0.9	1
1631566762.5674021	11	164	0.9	1
1631566806.160117	11	165	0.7	0