1629298871.7557862	541.433050	120.   0.   0.   0.   1.   1.   1.   0.   0.   0.
1629298881.755539	541.433050	19.  7.  6.  7.  4.  8.  9.  9.  8. 26.
1629298891.879157	541.433050	0. 0. 0. 0. 0. 0. 0. 0. 1. 0.
1629298902.099416	541.433050	14.  7. 15. 20. 16. 35. 20. 23. 30. 20.
1629298912.3246086	541.433050	0. 0. 0. 0. 2. 0. 1. 0. 1. 0.
1629298922.4145124	541.433050	51. 43. 31. 55. 35. 58. 52. 80. 73. 76.
1629298932.804947	541.433050	0. 1. 1. 1. 1. 1. 0. 1. 0. 1.
1629298943.0167782	541.433050	107. 103.  86.  97.  85. 106.  74.  96.  93.  72.
1629298953.0819592	541.433050	1. 1. 2. 2. 1. 1. 1. 3. 5. 3.
1629298963.2526085	541.433050	 98. 152.  61. 138. 102. 108.  67.  87.  89. 170.
1629298973.3231583	541.433050	4. 2. 6. 2. 4. 3. 2. 7. 2. 7.
1629298983.4017298	541.433050	 68. 123.  77. 100. 103. 100.  91. 117. 106. 147.
1629298993.49359	541.433050	1. 2. 2. 1. 3. 9. 5. 1. 4. 3.
1629299003.6119726	541.433050	 94. 120.  81.  77. 100.  66. 129. 127. 105.  81.
1629299013.6938953	541.433050	 3.  3.  3.  5.  7.  3.  1. 13.  2.  7.
1629299023.9509096	541.433050	 90.  88.  89.  96.  99. 114.  94. 163. 105. 134.
1629299034.3800142	541.433050	 2.  4.  6.  2.  2.  1.  3. 13.  4.  2.
1629299044.5879896	541.433050	102. 172.  56. 122. 112.  59.  90. 134. 133.  74.
1629299054.8320096	541.433050	0. 3. 4. 2. 2. 3. 1. 7. 5. 3.
1629299065.1282165	541.433050	109. 165. 118. 184. 208. 210. 141. 287. 158. 162.
1629299075.3518329	541.433050	2. 1. 4. 2. 1. 0. 0. 1. 0. 5.
1629299085.656684	541.433050	104. 140. 200. 148. 214. 112. 193. 213. 110. 151.
1629299095.782075	541.433050	2. 2. 0. 2. 1. 2. 5. 4. 1. 1.
1629299106.0002348	541.433050	123. 188. 177. 206. 172. 136. 196. 156. 136. 228.
1629299116.5555978	541.433050	1. 2. 5. 2. 1. 6. 0. 3. 3. 2.
1629299126.887492	541.433050	111. 139. 192.  81. 245. 214. 219. 216. 189. 137.
1629299137.2918427	541.433050	4. 6. 2. 6. 5. 3. 3. 5. 5. 3.
1629299147.7089047	541.433050	119. 207. 202. 148. 166. 218. 187. 147. 194. 161.
1629299157.9846244	541.433050	5. 1. 3. 3. 2. 1. 4. 4. 0. 0.
1629299168.2452354	541.433050	108. 184. 187. 185. 240. 254. 173. 156. 215. 295.
1629299178.5964584	541.433050	5. 3. 0. 3. 5. 4. 4. 1. 2. 2.
1629299188.8961127	541.433050	160. 279. 139. 173. 164. 230. 176. 292. 185. 133.
1629299199.379587	541.433050	3. 2. 4. 1. 5. 5. 1. 2. 1. 7.
1629299210.0036223	541.433050	106. 202. 149. 242. 131. 261. 121. 189. 128. 217.
1629299220.3607662	541.433050	1. 2. 4. 3. 1. 5. 4. 5. 2. 1.
1629299230.6387868	541.433050	134. 183. 261. 184. 150. 353. 171. 212. 125. 275.
1629299240.7866359	541.433050	2. 3. 6. 3. 2. 3. 3. 3. 2. 6.
1629299251.0074904	541.433050	120. 203. 207. 257. 159. 226. 217. 162. 167. 197.
1629299261.1786647	541.433050	4. 4. 3. 1. 3. 5. 9. 3. 2. 0.
1629299271.634259	541.433050	127. 275. 162. 137. 205. 218. 131. 226. 148. 258.
1629299281.8750055	541.433050	1. 4. 4. 6. 7. 2. 2. 3. 2. 4.
1629299292.071586	541.433050	117. 172. 214. 340. 147. 154. 221. 171. 173. 164.
1629299302.3535817	541.433050	1. 5. 1. 3. 2. 6. 3. 4. 5. 2.
1629299312.6951566	541.433050	143. 179. 230. 142. 233. 186. 175. 189. 197. 180.
1629299323.2363322	541.433050	0. 4. 6. 4. 1. 5. 1. 3. 5. 5.
1629299334.1575851	541.433050	120. 182. 246. 136. 220. 138. 225. 199. 202. 184.
1629299344.7001822	541.433050	5. 2. 5. 1. 5. 4. 5. 9. 3. 4.
1629299354.9728668	541.433050	112. 210. 243. 144. 200. 130. 211. 139. 211. 139.
1629299365.3963158	541.433050	5. 3. 1. 2. 3. 3. 1. 6. 2. 6.
1629299375.7219877	541.433050	101. 253. 128. 252. 187. 189. 135. 166. 158. 221.
1629299386.1372762	541.433050	5. 6. 3. 4. 1. 3. 2. 4. 3. 3.
1629299396.631016	541.433050	110. 193. 157. 186. 144. 144. 153. 155. 130. 183.
1629299406.9400992	541.433050	1. 3. 2. 1. 1. 4. 4. 3. 3. 2.
1629299417.2708762	541.433050	 93. 171. 119. 170. 161. 132. 149. 172. 143.  89.
1629299427.7505083	541.433050	5. 3. 3. 8. 3. 2. 1. 1. 5. 2.
1629299438.13139	541.433050	116. 168. 148. 190. 181. 185. 160. 134. 205. 145.
1629299448.637098	541.433050	4. 6. 4. 6. 2. 2. 4. 3. 2. 0.
1629299459.019648	541.433050	 88. 192. 143. 248. 184. 125. 203. 157. 200. 184.
1629299469.392755	541.433050	4. 4. 0. 2. 1. 0. 2. 4. 7. 2.
1629299479.9123096	541.433050	120. 251. 153. 150. 131. 212. 111. 211. 139. 263.
1629299490.3578491	541.433050	1. 1. 3. 1. 4. 3. 4. 4. 2. 2.
1629299500.7794452	541.433050	 88. 134. 124. 155. 161. 173. 152. 225. 147. 121.
1629299511.170852	541.433050	2. 6. 2. 2. 4. 3. 1. 2. 3. 1.
1629299521.654475	541.433050	103. 171. 124. 170. 139. 147.  90. 244.  95. 168.
1629299532.050353	541.433050	1. 2. 4. 2. 4. 2. 3. 2. 1. 2.
1629299542.5234828	541.433050	138. 143. 186. 158. 215. 100. 188.  99. 228. 115.
1629299553.0146859	541.433050	1. 2. 2. 2. 1. 1. 3. 3. 5. 4.
1629299563.4029555	541.433050	132. 228.  94. 217. 143. 145. 160. 142. 194. 156.
1629299573.8910785	541.433050	3. 2. 1. 1. 2. 2. 4. 0. 3. 2.
1629299584.2927294	541.433050	 94. 267.  95. 127. 120. 179. 141. 150. 145. 199.
1629299595.126839	541.433050	2. 3. 2. 3. 2. 3. 1. 3. 2. 0.
1629299605.486026	541.433050	 80. 211. 148. 111. 145. 106. 199.  73. 127. 139.
1629299615.9856937	541.433050	3. 1. 2. 4. 0. 2. 3. 5. 0. 2.
1629299626.3824258	541.433050	113. 163. 144. 155. 103. 159. 162. 132. 190. 100.
1629299636.8446023	541.433050	0. 1. 1. 3. 0. 5. 4. 2. 2. 1.
1629299647.3185818	541.433050	 86. 130. 183. 128. 168. 151. 135. 169. 127. 236.
1629299657.801672	541.433050	2. 2. 5. 4. 2. 1. 3. 1. 2. 2.
1629299668.3814254	541.433050	116. 185. 135. 189. 138. 134. 180. 169. 197. 168.
1629299678.927851	541.433050	5. 1. 3. 4. 0. 0. 1. 0. 2. 2.
1629299689.5792546	541.433050	136. 158. 194. 115. 163. 157. 180. 138. 127. 193.
1629299700.167666	541.433050	2. 0. 1. 4. 2. 2. 1. 1. 2. 1.
1629299710.8335996	541.433050	111. 200. 121. 129. 147. 197. 175. 145. 199. 131.
1629299721.5243099	541.433050	1. 0. 2. 2. 6. 1. 2. 1. 0. 0.
1629299732.0001566	541.433050	109. 207. 121. 172. 172. 124. 195. 117. 170. 152.
1629299742.4851189	541.433050	2. 2. 0. 2. 2. 1. 2. 0. 1. 1.
1629299753.1245275	541.433050	111. 166. 154. 167. 155. 152. 196. 131. 161. 133.
1629299763.882085	541.433050	1. 1. 3. 1. 1. 3. 2. 2. 1. 4.
1629299774.5952723	541.433050	 83. 138. 137.  92. 145. 114. 158. 178. 143. 137.
1629299785.300029	541.433050	1. 6. 3. 0. 1. 3. 3. 2. 1. 4.
1629299795.9438357	541.433050	100. 173. 148. 114. 100. 203.  71. 180. 140. 142.
1629299806.7443497	541.433050	1. 2. 4. 0. 3. 3. 2. 8. 2. 1.
1629299817.4801917	541.433050	 98. 136. 136. 116. 141. 106. 145. 172. 139. 158.
1629299828.2195604	541.433050	1. 5. 3. 4. 6. 2. 3. 3. 1. 2.
1629299838.964064	541.433050	102. 135. 205. 111. 108. 143. 123. 125. 168. 104.
1629299849.5301774	541.433050	0. 2. 1. 3. 1. 0. 1. 3. 2. 0.
1629299860.4877245	541.433050	104. 110. 156. 112. 111. 125. 107. 129. 104. 142.
1629299871.5501838	541.433050	1. 2. 1. 2. 0. 1. 4. 0. 1. 2.
1629299882.658289	541.433050	 73. 163. 113. 146. 159. 127. 130. 143. 139. 125.
1629299893.5204904	541.433050	2. 1. 3. 1. 1. 0. 0. 0. 3. 1.
1629299904.2833674	541.433050	 95. 141. 132. 137. 152. 122. 196.  99. 202. 139.
1629299914.9847383	541.433050	 2.  1.  2.  1.  3. 11.  8.  4.  2.  2.
1629299925.83534	541.433050	123. 227. 131. 165. 235. 140. 205. 143. 191. 147.
1629299936.6117508	541.433050	4. 2. 2. 2. 2. 3. 4. 3. 6. 3.
1629299947.5306993	541.433050	155. 196. 146. 159. 180. 179. 161. 193. 134. 158.
1629299958.5869539	541.433050	4. 4. 3. 5. 2. 1. 1. 3. 6. 4.
1629299969.5991104	541.433050	110. 146. 132. 170. 170. 103. 173. 111. 178. 104.
1629299980.5578923	541.433050	2. 0. 3. 4. 0. 1. 3. 2. 2. 5.
1629299991.8881648	541.433050	 78. 125. 141. 155. 178. 112. 192.  80. 205. 104.
1629300002.8798099	541.433050	1. 1. 2. 3. 3. 5. 3. 1. 2. 1.
1629300013.7988818	541.433050	 96. 134. 150. 148. 160. 110. 278. 115. 172. 172.
1629300024.9051576	541.433050	3. 0. 1. 5. 0. 3. 3. 2. 0. 7.
1629300035.7429028	541.433050	117. 164. 169. 167. 147. 198. 120. 222. 140. 132.
1629300046.610819	541.433050	2. 0. 1. 3. 1. 2. 2. 5. 3. 1.
1629300057.5495505	541.433050	113. 156. 117. 163. 113. 155. 153. 104. 163. 121.
1629300068.4617496	541.433050	0. 4. 3. 3. 1. 1. 2. 0. 2. 1.
1629300079.2125864	541.433050	130. 127. 149. 102. 168. 131. 138. 107. 123. 150.
1629300090.125545	541.433050	1. 2. 2. 2. 1. 3. 1. 1. 2. 2.
1629300101.1231449	541.433050	 80. 174. 129. 109. 150. 165. 123. 109. 165. 180.
1629300112.5397115	541.433050	3. 2. 1. 3. 2. 2. 0. 2. 2. 1.
1629300123.5363681	541.433050	103. 159. 187. 114. 129. 170. 113.  95. 117. 148.
1629300134.490528	541.433050	1. 3. 0. 4. 1. 1. 0. 1. 2. 0.
1629300145.4392502	541.433050	110. 179. 116. 176. 132.  95. 191. 133. 150. 135.
1629300156.3073559	541.433050	1. 2. 7. 7. 2. 3. 2. 2. 1. 1.
1629300167.2908335	541.433050	117. 174. 121. 176. 131. 144. 164. 171. 171. 147.
1629300178.2454891	541.433050	2. 4. 2. 1. 1. 3. 2. 2. 1. 1.
1629300189.2060757	541.433050	104. 143. 133. 146. 150. 138. 114. 148. 189. 112.
1629300200.0904691	541.433050	1. 2. 2. 2. 0. 2. 0. 1. 1. 2.
1629300211.1108007	541.433050	 74. 140.  87. 132. 105. 107.  96. 142. 107. 102.
1629300222.1757658	541.433050	1. 3. 3. 1. 1. 1. 2. 1. 1. 6.
1629300233.813718	541.433050	 86. 134.  75.  93. 124. 116. 102.  96. 139. 101.
1629300244.7816038	541.433050	0. 0. 3. 2. 1. 2. 0. 0. 2. 2.
1629300255.8306458	541.433050	 91. 118. 109. 110.  75. 136. 134. 140. 137. 110.
1629300266.94736	541.433050	1. 1. 1. 0. 2. 1. 2. 2. 2. 1.
1629300278.0419543	541.433050	 79. 146.  97. 158.  75. 158. 109. 116. 135. 117.
1629300289.0406497	541.433050	0. 6. 2. 1. 3. 2. 1. 2. 2. 2.
1629300300.3569002	541.433050	106. 183.  85. 153. 130. 113. 110. 146. 165. 111.
1629300311.8730614	541.433050	0. 2. 1. 2. 1. 2. 3. 6. 0. 0.
1629300323.3630776	541.433050	 77. 117. 115. 110. 128. 104. 116. 122. 108.  99.
1629300333.6991458	541.433050	2. 0. 2. 2. 1. 1. 1. 2. 1. 0.
1629300344.3716629	541.433050	 84.  88. 111.  92. 118.  74.  64. 142.  92. 111.
1629300356.284314	541.433050	1. 0. 1. 0. 2. 5. 2. 1. 0. 1.
1629300367.0597813	541.433050	 61. 123.  89. 103.  83. 101. 111. 127. 125.  98.
1629300378.3349366	541.433050	2. 2. 1. 0. 2. 1. 0. 0. 1. 2.
1629300389.5007496	541.433050	 84. 121. 101. 147.  89.  96.  81.  89. 144. 129.
1629300400.511494	541.433050	0. 2. 0. 4. 0. 1. 2. 3. 2. 3.
1629300411.5838356	541.433050	100. 137. 117. 137. 108. 134. 124. 110. 134. 113.
1629300422.9189012	541.433050	0. 2. 0. 0. 2. 2. 1. 2. 0. 1.
1629300434.358948	541.433050	 76. 137. 117. 128. 119. 140. 142. 113. 125. 134.
1629300445.815933	541.433050	0. 0. 0. 1. 2. 0. 2. 0. 2. 1.
1629300457.3220816	541.433050	 83. 119. 110. 144.  77. 118.  98. 121. 127.  97.
1629300468.4980168	541.433050	2. 5. 1. 1. 1. 1. 0. 2. 0. 0.
1629300479.5989144	541.433050	 98. 140.  88.  98. 101. 118. 116. 120. 149. 119.
1629300490.8881156	541.433050	0. 2. 2. 3. 1. 0. 1. 2. 1. 1.
1629300502.209318	541.433050	 59. 117.  94.  89. 109. 123.  99.  90. 115. 114.
1629300513.4548943	541.433050	2. 0. 1. 2. 0. 1. 5. 1. 0. 0.
1629300524.7455204	541.433050	 57.  99.  64.  88. 112. 109.  98. 117. 107.  96.
1629300536.51898	541.433050	0. 1. 1. 0. 0. 1. 1. 3. 0. 0.
1629300547.8923333	541.433050	 87. 131.  66.  97. 113. 126. 105. 154.  73. 136.
1629300559.105479	541.433050	1. 2. 1. 0. 0. 2. 1. 2. 2. 0.
1629300570.5331223	541.433050	 67.  77. 127. 107.  78. 108. 121. 123. 118. 113.
1629300581.7955909	541.433050	1. 2. 2. 3. 1. 1. 0. 1. 0. 1.
1629300593.6028042	541.433050	 87.  94.  92. 103. 123.  80. 104.  97.  80. 124.
1629300605.0516746	541.433050	2. 2. 1. 1. 1. 1. 0. 1. 4. 0.
1629300616.3113747	541.433050	 58.  83.  93. 109.  81. 107.  78. 101. 106.  86.
1629300627.3371768	541.433050	0. 1. 2. 1. 3. 1. 0. 1. 1. 2.
1629300638.519238	541.433050	 87.  88. 112. 116. 103. 132.  96. 113. 122. 102.
1629300650.0781333	541.433050	1. 2. 2. 3. 1. 1. 0. 2. 1. 4.
1629300661.8995204	541.433050	 77.  79.  82.  85. 114.  96.  87. 107.  82. 132.
1629300673.5122166	541.433050	0. 1. 0. 0. 2. 2. 1. 1. 2. 0.
1629300684.5916402	541.433050	 58. 110.  93.  75.  86.  95. 105. 123.  99.  79.
1629300696.1272736	541.433050	2. 0. 0. 1. 0. 2. 0. 0. 3. 2.
1629300707.5304499	541.433050	 92.  56.  94. 120.  89.  94.  79.  99. 115.  89.
1629300719.1180022	541.433050	1. 0. 1. 1. 3. 0. 0. 0. 0. 1.
1629300730.6744025	541.433050	 66.  72.  89. 112. 117. 139.  89. 118. 110. 158.
1629300742.1146674	541.433050	1. 2. 1. 1. 1. 0. 3. 0. 1. 0.
1629300753.5167408	541.433050	 77. 106. 107.  98.  88. 103. 100. 119.  95. 114.
1629300765.0987072	541.433050	2. 2. 1. 0. 2. 2. 2. 0. 1. 0.
1629300777.0304308	541.433050	 78. 114. 106. 112. 116. 141. 122. 151. 118. 113.
1629300788.4552364	541.433050	1. 4. 3. 1. 1. 2. 0. 0. 1. 2.
1629300800.086214	541.433050	104. 103. 102. 169.  99. 122. 127. 104. 128. 124.
1629300811.6370983	541.433050	0. 1. 2. 0. 0. 2. 2. 0. 1. 2.
1629300822.9847958	541.433050	 74. 147.  81. 121. 120. 130.  87. 157. 107. 133.
1629300835.4054642	541.433050	0. 3. 2. 3. 0. 1. 0. 1. 1. 0.
1629300847.1281185	541.433050	 93. 123.  98. 106. 135. 114. 134. 133. 146. 122.
1629300858.8449082	541.433050	1. 1. 1. 1. 1. 0. 1. 2. 1. 2.
1629300870.5687163	541.433050	 89. 137.  75. 133. 105. 113. 126. 149. 139. 133.
1629300882.2740412	541.433050	4. 1. 0. 2. 4. 3. 1. 0. 1. 0.
1629300894.0241947	541.433050	119. 130. 102. 113. 125. 144. 148. 114. 123. 138.
1629300905.6416137	541.433050	1. 5. 1. 0. 4. 1. 0. 1. 3. 3.
1629300916.921641	541.433050	 90. 141. 158. 127. 160. 158. 132. 127. 151. 169.
1629300928.2736273	541.433050	 2.  1.  1.  6.  5.  3. 12.  3.  3.  3.
1629300939.8797705	541.433050	106. 104. 188. 137. 148. 144. 165. 151. 135. 175.
1629300951.4462602	541.433050	2. 2. 3. 1. 2. 2. 2. 3. 2. 2.
1629300962.9580169	541.433050	105.  98. 144. 114. 142. 113. 150. 137. 145. 139.
1629300974.315856	541.433050	2. 2. 2. 1. 0. 0. 1. 1. 0. 1.
1629300985.8637626	541.433050	108. 112.  74. 115. 130. 136. 113. 144. 111. 145.
1629300997.2723703	541.433050	1. 2. 0. 2. 1. 0. 1. 0. 2. 2.
1629301009.3226366	541.433050	 85.  98. 140. 140. 128. 115. 168. 102. 134. 148.
1629301020.7998252	541.433050	0. 2. 1. 2. 1. 2. 1. 3. 1. 0.
1629301032.1781995	541.433050	116.  92. 113. 157. 125. 147. 120. 139. 156. 123.
1629301043.7343013	541.433050	0. 3. 0. 1. 3. 0. 2. 1. 1. 0.
1629301055.291782	541.433050	103. 146.  64. 122.  91. 112. 100. 118. 117. 136.
1629301066.8142288	541.433050	1. 3. 1. 0. 2. 1. 0. 1. 1. 2.
1629301078.4182491	541.433050	 59. 104. 103. 101. 111.  99. 146. 112. 111. 116.
1629301090.127237	541.433050	3. 1. 0. 3. 2. 4. 0. 2. 4. 1.
1629301101.6503704	541.433050	 92. 102. 105. 107. 120. 112. 121. 131. 166.  74.
1629301113.2015731	541.433050	1. 0. 2. 1. 1. 4. 1. 0. 2. 2.
1629301124.7597644	541.433050	 61.  94.  97.  83. 127. 130. 101.  98. 126. 107.
1629301136.4157696	541.433050	0. 3. 1. 2. 2. 2. 2. 0. 0. 0.
1629301148.3679316	541.433050	111.  93. 101. 121. 115. 139. 158. 133. 122. 105.
1629301160.5373044	541.433050	1. 0. 0. 0. 3. 2. 1. 0. 0. 0.
1629301172.233857	541.433050	101.  78.  82. 119.  89. 128. 105. 139.  85. 113.
1629301184.13907	541.433050	0. 1. 2. 0. 3. 1. 2. 0. 1. 2.
1629301195.9296827	541.433050	 93. 134. 112. 151. 102. 100. 169. 105.  86. 138.
1629301207.7350526	541.433050	3. 2. 0. 3. 0. 1. 1. 0. 3. 2.
1629301219.3212469	541.433050	 84.  75. 124. 100. 168.  97. 167.  89. 143.  96.
1629301230.9062943	541.433050	0. 2. 1. 2. 0. 1. 0. 1. 1. 1.
1629301242.6994884	541.433050	114.  99.  89. 142.  96. 127. 116. 129. 125. 139.
1629301254.5357757	541.433050	3. 3. 1. 0. 0. 3. 2. 0. 1. 1.
1629301266.1882188	541.433050	111. 133.  81. 115. 144. 138. 124. 147. 147. 128.