[{"0": [32, 44, 42, 39, 32, 45, 39, 40, 50, 44, 43, 38, 27, 31, 35, 43, 37, 37, 50, 55, 47, 30, 41, 39, 38, 41, 42, 34, 30, 33]}, null, null, 22000, false, [], false, 0, [], null, 0, 1602225626.6544733, 0, {}]
[{"0": [34, 39, 28, 36, 51, 36, 48, 48, 36, 48, 37, 47, 46, 27, 49, 41, 40, 50, 24, 46, 34, 44, 46, 47, 37, 52, 36, 42, 32, 37]}, null, null, 22400, false, [], false, 0, [], null, 0, 1602225691.2019365, 0, {}]
[{"0": [41, 37, 39, 33, 43, 46, 43, 41, 43, 47, 34, 25, 37, 43, 36, 42, 34, 39, 31, 24, 40, 38, 44, 39, 36, 46, 39, 26, 38, 38]}, null, null, 22800, false, [], false, 0, [], null, 0, 1602225781.1286263, 0, {}]
[{"0": [38, 41, 26, 33, 39, 40, 35, 27, 36, 46, 33, 35, 30, 43, 33, 45, 62, 31, 36, 39, 34, 33, 34, 62, 40, 31, 44, 29, 37, 44]}, null, null, 23200, false, [], false, 0, [], null, 0, 1602225829.317078, 0, {}]
[{"0": [43, 38, 30, 32, 41, 29, 46, 61, 45, 36, 46, 45, 48, 33, 33, 48, 37, 42, 31, 51, 35, 55, 49, 43, 31, 35, 22, 48, 37, 33]}, null, null, 23600, false, [], false, 0, [], null, 0, 1602225885.599117, 0, {}]
[{"0": [42, 42, 40, 30, 43, 47, 40, 27, 35, 48, 31, 43, 37, 50, 33, 44, 32, 44, 32, 45, 49, 36, 37, 35, 44, 36, 44, 22, 46, 43]}, null, null, 24000, false, [], false, 0, [], null, 0, 1602225977.1609833, 0, {}]
[{"0": [30, 55, 46, 38, 46, 59, 31, 49, 35, 33, 47, 36, 37, 31, 50, 38, 59, 49, 30, 40, 34, 27, 26, 39, 38, 26, 41, 33, 48, 41]}, null, null, 24400, false, [], false, 0, [], null, 0, 1602226032.1753218, 0, {}]
[{"0": [26, 39, 35, 39, 36, 45, 38, 32, 38, 38, 36, 49, 42, 45, 37, 32, 38, 31, 45, 37, 42, 40, 43, 28, 46, 38, 37, 32, 41, 39]}, null, null, 24800, false, [], false, 0, [], null, 0, 1602226092.593788, 0, {}]
[{"0": [35, 39, 35, 37, 35, 32, 34, 23, 43, 39, 33, 34, 39, 56, 34, 37, 34, 31, 38, 46, 31, 30, 26, 45, 51, 44, 42, 44, 40, 37]}, null, null, 25200, false, [], false, 0, [], null, 0, 1602226168.1944964, 0, {}]
[{"0": [30, 45, 46, 33, 42, 32, 26, 27, 49, 45, 27, 30, 40, 44, 47, 45, 27, 40, 50, 28, 29, 43, 45, 39, 42, 39, 36, 49, 36, 53]}, null, null, 25600, false, [], false, 0, [], null, 0, 1602226233.801611, 0, {}]
[{"0": [36, 27, 45, 41, 44, 36, 37, 38, 42, 33, 40, 37, 39, 50, 38, 33, 54, 41, 42, 28, 43, 44, 31, 22, 38, 38, 46, 37, 31, 40]}, null, null, 26000, false, [], false, 0, [], null, 0, 1602226297.5808203, 0, {}]
[{"0": [37, 30, 29, 37, 54, 44, 44, 33, 35, 40, 34, 33, 49, 32, 33, 26, 16, 51, 27, 70, 41, 36, 45, 34, 48, 40, 51, 27, 38, 36]}, null, null, 26400, false, [], false, 0, [], null, 0, 1602226358.7600932, 0, {}]
[{"0": [39, 25, 33, 39, 42, 51, 38, 47, 42, 37, 41, 37, 31, 41, 23, 71, 38, 54, 49, 42, 29, 32, 39, 41, 32, 40, 36, 32, 50, 34]}, null, null, 26800, false, [], false, 0, [], null, 0, 1602226428.3243015, 0, {}]
[{"0": [42, 44, 39, 24, 37, 31, 42, 34, 34, 42, 45, 37, 42, 32, 40, 47, 39, 46, 50, 37, 42, 39, 46, 39, 37, 42, 43, 29, 36, 47]}, null, null, 27200, false, [], false, 0, [], null, 0, 1602226496.7912061, 0, {}]
[{"0": [35, 35, 35, 39, 35, 49, 32, 56, 41, 34, 40, 37, 34, 33, 34, 23, 47, 37, 36, 27, 41, 37, 43, 38, 38, 52, 41, 32, 31, 25]}, null, null, 27600, false, [], false, 0, [], null, 0, 1602226560.5735185, 0, {}]
[{"0": [39, 35, 52, 42, 52, 34, 40, 34, 46, 42, 32, 38, 41, 32, 39, 41, 42, 37, 37, 36, 35, 37, 42, 35, 35, 38, 31, 42, 43, 40]}, null, null, 28000, false, [], false, 0, [], null, 0, 1602226627.232383, 0, {}]
[{"0": [50, 49, 39, 49, 34, 31, 26, 39, 36, 44, 31, 34, 42, 42, 45, 48, 34, 75, 126, 27, 37, 32, 28, 23, 47, 37, 45, 39, 36, 42]}, null, null, 28400, false, [], false, 0, [], null, 0, 1602226690.1108484, 0, {}]
[{"0": [44, 51, 39, 32, 45, 45, 41, 50, 27, 35, 44, 28, 34, 32, 53, 53, 76, 45, 30, 38, 38, 48, 49, 33, 35, 23, 33, 43, 47, 27]}, null, null, 28800, false, [], false, 0, [], null, 0, 1602226770.5439782, 0, {}]
[{"0": [47, 43, 50, 31, 72, 32, 50, 41, 41, 53, 27, 35, 52, 52, 29, 43, 50, 44, 43, 27, 35, 44, 40, 48, 55, 50, 37, 43, 41, 46]}, null, null, 29200, false, [], false, 0, [], null, 0, 1602226836.0304658, 0, {}]
[{"0": [42, 40, 43, 31, 44, 39, 26, 35, 36, 44, 35, 41, 39, 35, 32, 40, 37, 32, 64, 42, 40, 39, 40, 37, 36, 44, 480, 36, 36, 32]}, null, null, 29600, false, [], false, 0, [], null, 0, 1602226904.7074485, 0, {}]
[{"0": [67, 43, 54, 37, 33, 35, 40, 30, 36, 46, 48, 39, 48, 39, 38, 40, 42, 38, 30, 38, 40, 33, 31, 40, 38, 41, 36, 37, 31, 68]}, null, null, 30000, false, [], false, 0, [], null, 0, 1602226984.3959444, 0, {}]
[{"0": [43, 40, 57, 35, 38, 37, 62, 42, 29, 31, 48, 43, 33, 34, 31, 48, 38, 44, 38, 26, 42, 25, 114, 33, 49, 40, 32, 41, 35, 35]}, null, null, 30400, false, [], false, 0, [], null, 0, 1602227055.2344935, 0, {}]
[{"0": [34, 35, 26, 41, 36, 39, 38, 41, 34, 38, 31, 39, 48, 41, 27, 36, 39, 32, 42, 45, 39, 38, 33, 39, 33, 43, 40, 27, 33, 41]}, null, null, 30800, false, [], false, 0, [], null, 0, 1602227132.6630332, 0, {}]
[{"0": [34, 42, 30, 39, 28, 35, 36, 50, 35, 32, 50, 40, 24, 43, 38, 44, 50, 35, 42, 39, 40, 34, 35, 40, 35, 40, 39, 35, 51, 29]}, null, null, 31200, false, [], false, 0, [], null, 0, 1602227200.8571346, 0, {}]
[{"0": [33, 31, 39, 26, 35, 37, 43, 38, 43, 32, 32, 25, 37, 33, 43, 30, 53, 35, 39, 43, 46, 38, 31, 38, 33, 43, 33, 36, 30, 34]}, null, null, 31600, false, [], false, 0, [], null, 0, 1602227269.5728095, 0, {}]
[{"0": [49, 32, 42, 26, 37, 40, 44, 35, 34, 33, 44, 54, 31, 39, 41, 52, 37, 33, 34, 38, 38, 41, 38, 34, 29, 54, 30, 34, 32, 35]}, null, null, 32000, false, [], false, 0, [], null, 0, 1602227335.1411104, 0, {}]
[{"0": [47, 39, 30, 44, 34, 44, 36, 36, 44, 124, 33, 1144, 34, 25, 42, 30, 38, 35, 40, 45, 39, 45, 33, 28, 43, 40, 54, 44, 36, 33]}, null, null, 32400, false, [], false, 0, [], null, 0, 1602227406.0743546, 0, {}]
[{"0": [36, 34, 61, 33, 45, 43, 46, 44, 37, 38, 48, 47, 34, 34, 29, 37, 41, 50, 38, 176, 57, 82, 38, 43, 59, 32, 33, 56, 44, 53]}, null, null, 32800, false, [], false, 0, [], null, 0, 1602227502.0684497, 0, {}]
[{"0": [42, 42, 30, 36, 49, 38, 46, 113, 81, 45, 28, 40, 87, 48, 49, 52, 61, 36, 52, 52, 49, 470, 78, 49, 45, 47, 117, 61, 32, 51]}, null, null, 33200, false, [], false, 0, [], null, 0, 1602227590.0946486, 0, {}]
[{"0": [79, 301, 481, 45, 54, 33, 33, 66, 535, 75, 73, 39, 37, 32, 58, 54, 71, 167, 278, 41, 53, 222, 2068, 54, 45, 150, 47, 41, 33, 46]}, null, null, 33600, false, [], false, 0, [], null, 0, 1602227713.4353147, 0, {}]
[{"0": [87, 51, 46, 30, 47, 30, 50, 71, 35, 58, 226, 89, 46, 279, 427, 46, 67, 284, 789, 111, 47, 32, 42, 94, 325, 434, 177, 64, 45, 55]}, null, null, 34000, false, [], false, 0, [], null, 0, 1602227883.7300527, 0, {}]
[{"0": [32, 165, 57, 40, 62, 48, 67, 106, 50, 74, 52, 51, 35, 40, 30, 40, 48, 43, 96, 62, 248, 34, 176, 149, 33, 65, 68, 873, 40, 46]}, null, null, 34400, false, [], false, 0, [], null, 0, 1602228093.5554507, 0, {}]
[{"0": [26, 48, 42, 33, 45, 29, 42, 47, 43, 28, 33, 47, 42, 30, 43, 61, 58, 54, 43, 38, 43, 41, 240, 45, 29, 169, 33, 36, 41, 22]}, null, null, 34800, false, [], false, 0, [], null, 0, 1602228240.7259908, 0, {}]
[{"0": [40, 38, 37, 74, 39, 46, 48, 38, 41, 62, 48, 29, 39, 48, 27, 34, 41, 34, 38, 43, 44, 49, 53, 49, 44, 48, 43, 83, 59, 29]}, null, null, 35200, false, [], false, 0, [], null, 0, 1602228322.6422276, 0, {}]
[{"0": [39, 31, 39, 53, 204, 29, 46, 29, 50, 27, 50, 43, 45, 54, 45, 34, 40, 41, 28, 46, 55, 43, 40, 51, 45, 32, 33, 33, 34, 33]}, null, null, 35600, false, [], false, 0, [], null, 0, 1602228411.6212773, 0, {}]
[{"0": [34, 36, 32, 37, 37, 42, 42, 158, 69, 50, 46, 35, 39, 27, 51, 127, 45, 40, 36, 47, 44, 40, 39, 34, 48, 48, 34, 46, 31, 60]}, null, null, 36000, false, [], false, 0, [], null, 0, 1602228482.710923, 0, {}]
[{"0": [37, 54, 52, 46, 57, 44, 39, 33, 34, 36, 42, 39, 45, 43, 53, 154, 45, 55, 49, 53, 56, 28, 46, 44, 75, 76, 109, 46, 67, 22]}, null, null, 36400, false, [], false, 0, [], null, 0, 1602228579.0269156, 0, {}]
[{"0": [41, 39, 81, 23, 34, 269, 42, 33, 52, 30, 42, 55, 52, 60, 48, 47, 69, 97, 130, 39, 65, 55, 48, 46, 37, 41, 57, 39, 45, 41]}, null, null, 36800, false, [], false, 0, [], null, 0, 1602228677.2890894, 0, {}]
[{"0": [43, 36, 28, 67, 33, 46, 31, 38, 43, 29, 41, 303, 36, 38, 29, 34, 47, 42, 348, 259, 33, 41, 100, 44, 25, 31, 41, 41, 43, 27]}, null, null, 37200, false, [], false, 0, [], null, 0, 1602228790.3576522, 0, {}]
[{"0": [29, 25, 37, 33, 36, 41, 32, 34, 25, 41, 36, 41, 31, 43, 41, 32, 39, 40, 54, 33, 37, 34, 33, 35, 42, 55, 36, 44, 34, 58]}, null, null, 37600, false, [], false, 0, [], null, 0, 1602228906.5481293, 0, {}]
[{"0": [51, 59, 29, 42, 44, 34, 36, 37, 39, 46, 44, 118, 105, 41, 43, 33, 39, 41, 31, 36, 26, 37, 43, 41, 38, 50, 37, 48, 39, 40]}, null, null, 38000, false, [], false, 0, [], null, 0, 1602228976.9633398, 0, {}]
[{"0": [33, 35, 31, 37, 44, 35, 84, 27, 41, 66, 110, 36, 74, 51, 46, 31, 30, 38, 36, 82, 72, 42, 48, 62, 45, 38, 43, 35, 29, 38]}, null, null, 38400, false, [], false, 0, [], null, 0, 1602229068.562422, 0, {}]
[{"0": [44, 32, 40, 64, 46, 36, 35, 46, 32, 39, 31, 39, 41, 138, 60, 292, 25, 29, 48, 48, 36, 36, 31, 25, 37, 40, 29, 37, 62, 39]}, null, null, 38800, false, [], false, 0, [], null, 0, 1602229173.68079, 0, {}]
[{"0": [41, 35, 34, 31, 37, 37, 29, 242, 32, 58, 40, 24, 31, 22, 42, 39, 577, 36, 25, 34, 40, 37, 45, 31, 34, 33, 37, 38, 61, 46]}, null, null, 39200, false, [], false, 0, [], null, 0, 1602229262.784387, 0, {}]
[{"0": [40, 31, 30, 38, 40, 39, 34, 34, 44, 27, 42, 30, 44, 34, 43, 78, 36, 43, 56, 46, 37, 33, 37, 33, 43, 34, 34, 27, 48, 41]}, null, null, 39600, false, [], false, 0, [], null, 0, 1602229337.39462, 0, {}]
[{"0": [42, 24, 33, 40, 39, 39, 37, 41, 35, 33, 116, 35, 33, 41, 612, 63, 42, 26, 70, 31, 47, 57, 24, 40, 31, 56, 33, 26, 37, 49]}, null, null, 40000, true, [], false, 0, [], null, 0, 1602229407.991235, 0, {}]
