[{"0": [32, 27, 31, 31, 39, 37, 45, 43, 44, 31, 45, 55, 39, 33, 35, 36, 35, 27, 38, 33, 24, 36, 41, 37, 34, 50, 32, 35, 35, 46]}, null, null, 22000, false, [], false, 0, [], null, 0, 1602233460.374073, 0, {}]
[{"0": [38, 41, 43, 38, 38, 35, 39, 44, 30, 43, 40, 32, 39, 31, 33, 43, 45, 40, 38, 41, 35, 46, 37, 38, 42, 38, 28, 38, 46, 30]}, null, null, 22400, false, [], false, 0, [], null, 0, 1602233530.3226986, 0, {}]
[{"0": [35, 40, 34, 39, 52, 41, 39, 39, 41, 33, 41, 37, 37, 52, 44, 36, 32, 46, 31, 42, 33, 30, 39, 37, 32, 36, 43, 39, 50, 35]}, null, null, 22800, false, [], false, 0, [], null, 0, 1602233587.64801, 0, {}]
[{"0": [37, 29, 35, 38, 38, 36, 35, 36, 35, 32, 40, 35, 32, 52, 32, 38, 47, 39, 44, 38, 33, 40, 43, 33, 32, 39, 36, 43, 46, 31]}, null, null, 23200, false, [], false, 0, [], null, 0, 1602233663.8501632, 0, {}]
[{"0": [46, 40, 36, 22, 45, 40, 28, 26, 41, 38, 40, 35, 32, 37, 37, 40, 44, 32, 48, 50, 36, 37, 37, 29, 26, 41, 27, 38, 45, 37]}, null, null, 23600, false, [], false, 0, [], null, 0, 1602233722.6929944, 0, {}]
[{"0": [42, 42, 40, 38, 29, 43, 29, 53, 38, 35, 39, 29, 31, 45, 33, 31, 34, 31, 38, 41, 24, 40, 22, 30, 35, 38, 35, 44, 26, 41]}, null, null, 24000, false, [], false, 0, [], null, 0, 1602233788.152693, 0, {}]
[{"0": [37, 40, 35, 39, 38, 39, 46, 37, 41, 39, 42, 34, 35, 35, 38, 34, 40, 33, 37, 31, 38, 25, 37, 45, 38, 37, 44, 24, 39, 34]}, null, null, 24400, false, [], false, 0, [], null, 0, 1602233851.321588, 0, {}]
[{"0": [33, 40, 25, 40, 34, 40, 42, 41, 33, 30, 32, 31, 29, 35, 39, 37, 35, 38, 34, 31, 36, 44, 35, 35, 35, 32, 46, 49, 47, 46]}, null, null, 24800, false, [], false, 0, [], null, 0, 1602233912.1439397, 0, {}]
[{"0": [47, 37, 33, 46, 43, 27, 32, 45, 37, 36, 46, 39, 30, 32, 38, 42, 30, 39, 27, 31, 35, 39, 41, 42, 35, 34, 34, 29, 40, 33]}, null, null, 25200, false, [], false, 0, [], null, 0, 1602233984.7657619, 0, {}]
[{"0": [26, 27, 32, 40, 29, 32, 35, 36, 39, 28, 31, 30, 30, 37, 34, 37, 29, 33, 39, 34, 42, 43, 35, 38, 43, 36, 39, 43, 42, 40]}, null, null, 25600, false, [], false, 0, [], null, 0, 1602234039.6658323, 0, {}]
[{"0": [34, 36, 26, 35, 53, 33, 38, 40, 41, 36, 42, 47, 33, 45, 28, 37, 43, 53, 36, 37, 41, 41, 50, 46, 24, 30, 25, 28, 36, 34]}, null, null, 26000, false, [], false, 0, [], null, 0, 1602234115.5733993, 0, {}]
[{"0": [44, 26, 29, 46, 32, 43, 24, 41, 28, 33, 34, 36, 38, 50, 33, 43, 29, 33, 32, 38, 25, 32, 41, 35, 34, 34, 36, 31, 30, 38]}, null, null, 26400, false, [], false, 0, [], null, 0, 1602234167.0290697, 0, {}]
[{"0": [37, 30, 33, 31, 34, 38, 48, 42, 41, 36, 39, 29, 35, 35, 28, 37, 39, 42, 32, 43, 43, 39, 29, 29, 33, 50, 35, 42, 39, 33]}, null, null, 26800, false, [], false, 0, [], null, 0, 1602234242.950382, 0, {}]
[{"0": [44, 44, 35, 39, 47, 30, 30, 41, 49, 37, 41, 38, 38, 32, 32, 41, 29, 27, 49, 42, 33, 82, 31, 47, 32, 31, 30, 28, 38, 41]}, null, null, 27200, false, [], false, 0, [], null, 0, 1602234298.4500108, 0, {}]
[{"0": [32, 46, 32, 36, 38, 37, 41, 27, 39, 47, 30, 34, 36, 38, 42, 43, 53, 32, 37, 31, 39, 28, 52, 33, 31, 34, 34, 36, 40, 27]}, null, null, 27600, false, [], false, 0, [], null, 0, 1602234384.3363523, 0, {}]
[{"0": [40, 31, 46, 26, 38, 33, 33, 32, 43, 44, 27, 31, 38, 45, 35, 29, 29, 41, 33, 35, 39, 33, 41, 45, 47, 34, 30, 25, 42, 36]}, null, null, 28000, false, [], false, 0, [], null, 0, 1602234441.7328124, 0, {}]
[{"0": [41, 40, 35, 31, 26, 37, 43, 40, 32, 32, 34, 36, 35, 40, 25, 35, 32, 47, 50, 37, 38, 37, 36, 39, 43, 40, 34, 46, 33, 32]}, null, null, 28400, false, [], false, 0, [], null, 0, 1602234516.109941, 0, {}]
[{"0": [30, 32, 39, 35, 60, 47, 39, 36, 27, 35, 33, 67, 31, 35, 36, 40, 28, 44, 49, 50, 40, 50, 32, 50, 39, 31, 48, 41, 37, 42]}, null, null, 28800, false, [], false, 0, [], null, 0, 1602234619.557987, 0, {}]
[{"0": [32, 71, 32, 52, 41, 48, 39, 48, 25, 39, 31, 30, 27, 37, 28, 43, 34, 49, 33, 34, 35, 34, 28, 40, 40, 41, 39, 31, 42, 39]}, null, null, 29200, false, [], false, 0, [], null, 0, 1602234715.4624686, 0, {}]
[{"0": [29, 39, 49, 41, 42, 28, 25, 39, 35, 37, 41, 40, 34, 24, 41, 39, 39, 32, 26, 32, 46, 38, 40, 49, 40, 32, 28, 48, 36, 46]}, null, null, 29600, false, [], false, 0, [], null, 0, 1602234768.1405673, 0, {}]
[{"0": [28, 38, 33, 38, 52, 42, 34, 36, 34, 40, 36, 34, 36, 40, 25, 29, 33, 35, 30, 24, 34, 36, 33, 35, 25, 39, 32, 51, 37, 32]}, null, null, 30000, false, [], false, 0, [], null, 0, 1602234831.8181622, 0, {}]
[{"0": [31, 43, 33, 36, 41, 45, 58, 37, 24, 33, 40, 35, 76, 34, 34, 44, 33, 49, 32, 40, 41, 43, 50, 32, 30, 34, 36, 39, 46, 37]}, null, null, 30400, false, [], false, 0, [], null, 0, 1602234916.399593, 0, {}]
[{"0": [34, 45, 42, 44, 35, 31, 36, 37, 38, 44, 35, 34, 35, 52, 50, 42, 40, 38, 40, 37, 36, 36, 48, 32, 34, 36, 50, 37, 43, 49]}, null, null, 30800, false, [], false, 0, [], null, 0, 1602234969.7139702, 0, {}]
[{"0": [37, 21, 37, 37, 41, 74, 38, 31, 32, 32, 34, 26, 51, 36, 54, 31, 33, 38, 49, 35, 41, 83, 39, 31, 61, 36, 21, 34, 33, 34]}, null, null, 31200, false, [], false, 0, [], null, 0, 1602235046.931798, 0, {}]
[{"0": [55, 37, 81, 45, 41, 33, 30, 44, 49, 49, 54, 42, 127, 40, 39, 36, 26, 34, 33, 36, 23, 41, 30, 40, 30, 35, 41, 35, 40, 35]}, null, null, 31600, false, [], false, 0, [], null, 0, 1602235128.51716, 0, {}]
[{"0": [31, 47, 40, 33, 24, 44, 33, 45, 44, 28, 27, 39, 49, 35, 43, 44, 41, 38, 30, 39, 40, 36, 29, 36, 35, 36, 30, 30, 50, 38]}, null, null, 32000, false, [], false, 0, [], null, 0, 1602235221.2670085, 0, {}]
[{"0": [43, 43, 42, 42, 45, 35, 30, 44, 37, 55, 47, 34, 39, 29, 32, 36, 31, 23, 34, 26, 42, 56, 34, 37, 42, 32, 35, 44, 39, 32]}, null, null, 32400, false, [], false, 0, [], null, 0, 1602235291.566965, 0, {}]
[{"0": [38, 40, 47, 38, 51, 32, 82, 82, 43, 40, 37, 33, 47, 27, 31, 30, 68, 42, 36, 38, 33, 45, 44, 45, 45, 59, 36, 28, 82, 31]}, null, null, 32800, false, [], false, 0, [], null, 0, 1602235359.6545796, 0, {}]
[{"0": [43, 30, 39, 45, 50, 28, 59, 54, 34, 43, 46, 210, 32, 42, 57, 47, 47, 27, 46, 37, 36, 35, 38, 50, 37, 114, 52, 49, 38, 50]}, null, null, 33200, false, [], false, 0, [], null, 0, 1602235461.7124922, 0, {}]
[{"0": [43, 480, 25, 48, 43, 42, 38, 41, 28, 32, 29, 31, 34, 38, 50, 44, 30, 40, 33, 39, 36, 33, 43, 34, 26, 48, 40, 105, 170, 71]}, null, null, 33600, false, [], false, 0, [], null, 0, 1602235552.0602186, 0, {}]
[{"0": [118, 53, 150, 38, 30, 44, 44, 54, 40, 41, 66, 48, 41, 298, 39, 111, 459, 1415, 305, 37, 487, 57, 231, 61, 57, 36, 94, 34, 39, 32]}, null, null, 34000, false, [], false, 0, [], null, 0, 1602235656.480846, 0, {}]
[{"0": [34, 36, 43, 33, 34, 40, 36, 55, 124, 63, 370, 41, 544, 46, 71, 142, 54, 47, 43, 52, 41, 46, 67, 74, 31, 62, 141, 504, 60, 34]}, null, null, 34400, false, [], false, 0, [], null, 0, 1602235835.4363809, 0, {}]
[{"0": [314, 69, 327, 52, 90, 56, 50, 131, 52, 60, 38, 35, 27, 36, 36, 45, 33, 35, 32, 40, 52, 39, 30, 34, 68, 60, 34, 37, 41, 52]}, null, null, 34800, false, [], false, 0, [], null, 0, 1602235972.6602314, 0, {}]
[{"0": [44, 71, 58, 76, 37, 50, 155, 37, 37, 62, 56, 134, 33, 118, 37, 34, 37, 48, 54, 37, 48, 58, 40, 58, 43, 91, 32, 56, 66, 37]}, null, null, 35200, false, [], false, 0, [], null, 0, 1602236085.2982774, 0, {}]
[{"0": [37, 30, 43, 58, 52, 33, 33, 41, 42, 31, 34, 32, 48, 35, 46, 72, 38, 34, 41, 44, 22, 154, 31, 26, 69, 48, 38, 35, 39, 30]}, null, null, 35600, false, [], false, 0, [], null, 0, 1602236192.6737034, 0, {}]
[{"0": [51, 38, 37, 51, 40, 60, 159, 307, 1577, 34, 120, 38, 45, 255, 113, 55, 42, 56, 52, 36, 31, 24, 44, 51, 50, 108, 46, 252, 46, 157]}, null, null, 36000, false, [], false, 0, [], null, 0, 1602236269.0593607, 0, {}]
[{"0": [163, 54, 64, 39, 40, 36, 41, 90, 72, 48, 48, 68, 47, 35, 34, 25, 69, 41, 103, 42, 78, 57, 43, 151, 35, 54, 94, 50, 57, 49]}, null, null, 36400, false, [], false, 0, [], null, 0, 1602236443.363829, 0, {}]
[{"0": [54, 34, 34, 37, 48, 53, 53, 106, 136, 39, 33, 39, 44, 30, 37, 57, 33, 90, 48, 47, 39, 113, 60, 246, 74, 34, 80, 68, 34, 51]}, null, null, 36800, false, [], false, 0, [], null, 0, 1602236560.8472304, 0, {}]
[{"0": [53, 37, 56, 39, 51, 37, 56, 38, 49, 59, 59, 92, 27, 47, 55, 43, 39, 35, 74, 39, 142, 40, 133, 114, 46, 45, 34, 26, 53, 28]}, null, null, 37200, false, [], false, 0, [], null, 0, 1602236683.1109877, 0, {}]
[{"0": [53, 45, 28, 40, 45, 31, 58, 43, 30, 55, 54, 37, 37, 42, 32, 68, 30, 54, 38, 36, 36, 34, 20, 51, 70, 78, 225, 37, 65, 44]}, null, null, 37600, false, [], false, 0, [], null, 0, 1602236794.9039128, 0, {}]
[{"0": [41, 36, 48, 82, 44, 36, 44, 51, 62, 43, 49, 43, 40, 52, 43, 40, 61, 38, 31, 38, 63, 47, 46, 50, 36, 29, 53, 39, 46, 46]}, null, null, 38000, false, [], false, 0, [], null, 0, 1602236875.474047, 0, {}]
[{"0": [41, 38, 44, 49, 76, 43, 67, 63, 47, 40, 59, 95, 49, 49, 68, 44, 32, 35, 51, 49, 41, 47, 38, 44, 34, 48, 54, 43, 51, 43]}, null, null, 38400, false, [], false, 0, [], null, 0, 1602236957.6642377, 0, {}]
[{"0": [61, 34, 33, 39, 38, 44, 28, 41, 31, 35, 36, 37, 36, 53, 40, 26, 36, 46, 43, 50, 57, 236, 46, 28, 72, 40, 34, 33, 99, 42]}, null, null, 38800, false, [], false, 0, [], null, 0, 1602237030.4586294, 0, {}]
[{"0": [34, 33, 41, 25, 43, 32, 42, 43, 34, 42, 32, 37, 38, 57, 42, 37, 40, 35, 35, 63, 42, 49, 26, 30, 34, 41, 35, 32, 35, 39]}, null, null, 39200, false, [], false, 0, [], null, 0, 1602237123.3248072, 0, {}]
[{"0": [42, 54, 44, 43, 40, 39, 71, 39, 38, 41, 31, 33, 40, 65, 59, 40, 41, 35, 34, 39, 34, 38, 34, 31, 31, 32, 37, 40, 29, 30]}, null, null, 39600, false, [], false, 0, [], null, 0, 1602237192.7516139, 0, {}]
[{"0": [43, 37, 37, 24, 34, 35, 37, 35, 34, 39, 48, 41, 48, 42, 109, 45, 57, 40, 34, 33, 36, 35, 48, 34, 35, 33, 36, 33, 37, 42]}, null, null, 40000, true, [], false, 0, [], null, 0, 1602237260.8028057, 0, {}]
