[{"0": [37, 34, 48, 34, 42, 38, 46, 32, 27, 42, 42, 33, 33, 45, 40, 46, 38, 39, 46, 33, 37, 37, 28, 45, 44, 39, 34, 24, 39, 32]}, null, null, 22000, false, [], false, 0, [], null, 0, 1602237338.5519826, 0, {}]
[{"0": [40, 31, 39, 42, 31, 39, 32, 31, 36, 39, 35, 40, 32, 40, 31, 32, 34, 43, 28, 34, 34, 38, 36, 31, 44, 38, 33, 35, 29, 45]}, null, null, 22400, false, [], false, 0, [], null, 0, 1602237409.876956, 0, {}]
[{"0": [49, 37, 45, 44, 34, 32, 34, 45, 36, 45, 34, 36, 25, 37, 27, 37, 44, 34, 36, 34, 37, 42, 24, 32, 35, 42, 29, 36, 35, 37]}, null, null, 22800, false, [], false, 0, [], null, 0, 1602237474.8590565, 0, {}]
[{"0": [45, 30, 41, 41, 27, 50, 39, 33, 34, 38, 37, 36, 44, 43, 39, 43, 37, 32, 27, 39, 36, 31, 31, 36, 32, 33, 40, 31, 31, 42]}, null, null, 23200, false, [], false, 0, [], null, 0, 1602237538.4190598, 0, {}]
[{"0": [47, 40, 32, 38, 33, 44, 34, 35, 40, 31, 40, 38, 28, 27, 43, 28, 40, 25, 32, 32, 39, 37, 39, 37, 33, 42, 45, 31, 32, 34]}, null, null, 23600, false, [], false, 0, [], null, 0, 1602237603.2140236, 0, {}]
[{"0": [35, 32, 46, 47, 39, 31, 35, 40, 41, 41, 41, 30, 26, 42, 53, 28, 38, 34, 33, 34, 46, 25, 25, 38, 46, 40, 35, 34, 38, 36]}, null, null, 24000, false, [], false, 0, [], null, 0, 1602237663.272036, 0, {}]
[{"0": [40, 30, 44, 27, 49, 35, 42, 32, 24, 37, 36, 31, 36, 27, 39, 38, 27, 58, 39, 34, 29, 34, 27, 31, 44, 39, 39, 43, 29, 32]}, null, null, 24400, false, [], false, 0, [], null, 0, 1602237737.4113421, 0, {}]
[{"0": [43, 25, 38, 36, 35, 38, 34, 46, 30, 31, 45, 44, 34, 40, 42, 45, 31, 30, 37, 34, 41, 26, 53, 40, 28, 44, 32, 32, 40, 31]}, null, null, 24800, false, [], false, 0, [], null, 0, 1602237793.5801842, 0, {}]
[{"0": [22, 31, 25, 44, 33, 26, 41, 44, 47, 43, 31, 39, 44, 28, 38, 40, 31, 27, 39, 28, 35, 33, 28, 33, 34, 34, 31, 39, 32, 45]}, null, null, 25200, false, [], false, 0, [], null, 0, 1602237850.6945477, 0, {}]
[{"0": [38, 46, 36, 36, 44, 34, 44, 36, 30, 55, 35, 31, 30, 29, 34, 37, 36, 32, 29, 41, 39, 45, 36, 37, 30, 48, 28, 38, 40, 39]}, null, null, 25600, false, [], false, 0, [], null, 0, 1602237936.3742132, 0, {}]
[{"0": [30, 38, 39, 33, 28, 28, 31, 38, 40, 42, 35, 45, 33, 37, 45, 34, 38, 46, 32, 37, 34, 36, 37, 44, 39, 43, 32, 38, 32, 39]}, null, null, 26000, false, [], false, 0, [], null, 0, 1602237984.33284, 0, {}]
[{"0": [40, 37, 43, 40, 33, 40, 43, 34, 36, 45, 42, 23, 41, 44, 35, 37, 28, 39, 39, 43, 38, 37, 29, 31, 31, 49, 25, 41, 30, 42]}, null, null, 26400, false, [], false, 0, [], null, 0, 1602238039.1900783, 0, {}]
[{"0": [40, 40, 43, 46, 44, 45, 32, 31, 39, 46, 31, 29, 30, 30, 41, 30, 36, 40, 45, 37, 52, 35, 43, 38, 50, 33, 49, 39, 24, 33]}, null, null, 26800, false, [], false, 0, [], null, 0, 1602238130.0585716, 0, {}]
[{"0": [40, 32, 38, 37, 39, 31, 41, 32, 34, 30, 41, 34, 29, 45, 41, 47, 37, 36, 40, 35, 37, 40, 33, 37, 40, 33, 24, 35, 37, 35]}, null, null, 27200, false, [], false, 0, [], null, 0, 1602238185.6157598, 0, {}]
[{"0": [31, 27, 45, 35, 35, 38, 33, 38, 37, 38, 30, 35, 36, 45, 27, 43, 30, 31, 25, 49, 41, 43, 31, 53, 37, 34, 36, 33, 34, 43]}, null, null, 27600, false, [], false, 0, [], null, 0, 1602238234.5085263, 0, {}]
[{"0": [38, 30, 40, 35, 28, 44, 46, 30, 38, 33, 38, 33, 41, 25, 22, 38, 42, 30, 37, 32, 29, 67, 69, 31, 39, 30, 30, 38, 31, 34]}, null, null, 28000, false, [], false, 0, [], null, 0, 1602238325.0614944, 0, {}]
[{"0": [33, 36, 38, 38, 28, 49, 45, 31, 35, 47, 32, 38, 45, 40, 35, 35, 42, 40, 30, 37, 34, 32, 38, 40, 39, 31, 45, 39, 40, 34]}, null, null, 28400, false, [], false, 0, [], null, 0, 1602238428.4221509, 0, {}]
[{"0": [47, 35, 28, 42, 44, 39, 84, 37, 34, 45, 37, 41, 32, 27, 29, 39, 38, 35, 39, 55, 38, 29, 36, 35, 35, 38, 46, 39, 43, 41]}, null, null, 28800, false, [], false, 0, [], null, 0, 1602238514.6673706, 0, {}]
[{"0": [47, 29, 30, 41, 30, 34, 75, 42, 50, 31, 42, 43, 49, 29, 38, 36, 33, 42, 27, 29, 44, 34, 31, 41, 37, 41, 35, 47, 36, 31]}, null, null, 29200, false, [], false, 0, [], null, 0, 1602238571.6657808, 0, {}]
[{"0": [33, 29, 39, 41, 36, 43, 37, 36, 38, 54, 43, 31, 52, 33, 35, 47, 27, 35, 38, 37, 30, 49, 43, 42, 60, 30, 24, 30, 32, 33]}, null, null, 29600, false, [], false, 0, [], null, 0, 1602238653.692747, 0, {}]
[{"0": [39, 48, 42, 39, 46, 50, 40, 32, 48, 30, 57, 32, 33, 38, 37, 40, 42, 30, 46, 40, 35, 40, 33, 34, 37, 36, 45, 34, 36, 38]}, null, null, 30000, false, [], false, 0, [], null, 0, 1602238720.3218405, 0, {}]
[{"0": [42, 42, 34, 42, 35, 38, 38, 40, 41, 36, 21, 38, 33, 33, 43, 37, 35, 36, 30, 33, 35, 26, 35, 34, 40, 33, 37, 37, 41, 41]}, null, null, 30400, false, [], false, 0, [], null, 0, 1602238782.4310236, 0, {}]
[{"0": [28, 36, 43, 38, 35, 48, 37, 24, 43, 40, 39, 21, 38, 29, 98, 49, 57, 33, 39, 30, 35, 29, 37, 31, 42, 40, 36, 36, 51, 37]}, null, null, 30800, false, [], false, 0, [], null, 0, 1602238857.89701, 0, {}]
[{"0": [31, 37, 43, 44, 31, 33, 43, 41, 47, 34, 29, 31, 42, 47, 31, 30, 24, 43, 31, 32, 30, 40, 31, 33, 46, 46, 37, 50, 33, 51]}, null, null, 31200, false, [], false, 0, [], null, 0, 1602238935.0938287, 0, {}]
[{"0": [32, 29, 36, 44, 42, 31, 36, 34, 35, 43, 44, 36, 34, 36, 43, 35, 37, 42, 41, 36, 41, 43, 35, 35, 36, 31, 38, 46, 39, 40]}, null, null, 31600, false, [], false, 0, [], null, 0, 1602239004.191519, 0, {}]
[{"0": [30, 52, 31, 57, 44, 42, 40, 40, 42, 37, 27, 36, 41, 42, 32, 33, 30, 39, 30, 31, 45, 47, 32, 45, 40, 32, 35, 34, 31, 39]}, null, null, 32000, false, [], false, 0, [], null, 0, 1602239071.6153474, 0, {}]
[{"0": [44, 41, 44, 36, 27, 37, 35, 30, 38, 34, 47, 50, 44, 29, 39, 45, 28, 48, 41, 56, 39, 144, 38, 37, 35, 35, 32, 23, 33, 27]}, null, null, 32400, false, [], false, 0, [], null, 0, 1602239139.2695258, 0, {}]
[{"0": [41, 44, 47, 53, 50, 49, 42, 35, 39, 85, 54, 31, 77, 35, 33, 41, 27, 32, 45, 36, 24, 38, 37, 26, 44, 30, 48, 43, 33, 61]}, null, null, 32800, false, [], false, 0, [], null, 0, 1602239218.3733263, 0, {}]
[{"0": [49, 209, 38, 35, 64, 86, 32, 37, 31, 51, 62, 42, 54, 232, 70, 50, 50, 48, 94, 49, 44, 60, 49, 74, 68, 36, 57, 40, 63, 52]}, null, null, 33200, false, [], false, 0, [], null, 0, 1602239300.6435876, 0, {}]
[{"0": [74, 38, 95, 34, 915, 44, 34, 34, 53, 66, 112, 59, 107, 39, 78, 82, 51, 387, 51, 42, 40, 82, 4217, 50, 63, 34, 32, 44, 38, 41]}, null, null, 33600, false, [], false, 0, [], null, 0, 1602239417.9079623, 0, {}]
[{"0": [43, 35, 48, 35, 42, 46, 34, 30, 34, 42, 41, 27, 33, 32, 31, 636, 54, 195, 596, 44, 61, 46, 35, 47, 36, 39, 32, 45, 60, 38]}, null, null, 34000, false, [], false, 0, [], null, 0, 1602239575.8956294, 0, {}]
[{"0": [90, 49, 43, 40, 31, 336, 43, 41, 35, 26, 49, 44, 36, 42, 58, 55, 58, 31, 45, 38, 56, 37, 33, 48, 41, 322, 89, 53, 37, 30]}, null, null, 34400, false, [], false, 0, [], null, 0, 1602239678.6480892, 0, {}]
[{"0": [48, 52, 56, 42, 54, 40, 39, 45, 49, 53, 153, 253, 271, 73, 258, 59, 377, 50, 88, 48, 43, 45, 42, 48, 60, 37, 42, 45, 103, 26]}, null, null, 34800, false, [], false, 0, [], null, 0, 1602239794.1335757, 0, {}]
[{"0": [44, 226, 30, 37, 184, 62, 49, 171, 47, 154, 64, 118, 42, 41, 46, 46, 38, 44, 44, 174, 46, 43, 43, 71, 50, 282, 153, 300, 129, 173]}, null, null, 35200, false, [], false, 0, [], null, 0, 1602239941.88246, 0, {}]
[{"0": [105, 51, 57, 33, 38, 49, 70, 36, 35, 58, 52, 57, 34, 59, 56, 171, 36, 147, 154, 42, 42, 91, 41, 65, 124, 45, 44, 33, 42, 35]}, null, null, 35600, false, [], false, 0, [], null, 0, 1602240128.766718, 0, {}]
[{"0": [43, 47, 39, 43, 51, 43, 46, 54, 62, 31, 25, 78, 46, 53, 31, 34, 28, 27, 34, 49, 34, 33, 34, 39, 32, 44, 43, 46, 107, 45]}, null, null, 36000, false, [], false, 0, [], null, 0, 1602240261.8060093, 0, {}]
[{"0": [50, 27, 37, 42, 30, 34, 36, 29, 45, 45, 29, 29, 33, 32, 55, 38, 36, 26, 34, 46, 51, 69, 77, 43, 104, 48, 28, 33, 47, 903]}, null, null, 36400, false, [], false, 0, [], null, 0, 1602240338.9031012, 0, {}]
[{"0": [37, 36, 53, 34, 82, 37, 37, 34, 51, 30, 45, 40, 24, 43, 29, 32, 47, 38, 46, 42, 37, 28, 47, 43, 45, 40, 48, 47, 202, 37]}, null, null, 36800, false, [], false, 0, [], null, 0, 1602240427.2224364, 0, {}]
[{"0": [35, 29, 35, 29, 33, 84, 57, 43, 35, 41, 37, 44, 41, 44, 30, 29, 26, 42, 27, 28, 47, 44, 48, 42, 45, 48, 34, 37, 50, 64]}, null, null, 37200, false, [], false, 0, [], null, 0, 1602240520.6282344, 0, {}]
[{"0": [50, 43, 34, 44, 85, 30, 38, 38, 47, 31, 58, 41, 35, 38, 154, 73, 44, 161, 35, 43, 36, 46, 47, 31, 34, 40, 46, 31, 38, 28]}, null, null, 37600, false, [], false, 0, [], null, 0, 1602240599.5498343, 0, {}]
[{"0": [51, 38, 28, 29, 31, 35, 34, 38, 34, 29, 31, 49, 41, 37, 39, 37, 34, 41, 17, 45, 34, 37, 36, 31, 43, 44, 28, 37, 43, 42]}, null, null, 38000, false, [], false, 0, [], null, 0, 1602240706.059943, 0, {}]
[{"0": [43, 20, 47, 32, 33, 33, 42, 32, 27, 41, 40, 33, 42, 38, 35, 43, 30, 39, 36, 31, 32, 36, 37, 42, 32, 37, 37, 35, 40, 30]}, null, null, 38400, false, [], false, 0, [], null, 0, 1602240766.559934, 0, {}]
[{"0": [28, 32, 35, 36, 51, 30, 40, 36, 39, 30, 40, 30, 39, 35, 57, 41, 39, 33, 27, 36, 27, 21, 34, 32, 41, 42, 34, 43, 33, 20]}, null, null, 38800, false, [], false, 0, [], null, 0, 1602240841.767086, 0, {}]
[{"0": [37, 28, 40, 35, 48, 23, 30, 40, 39, 28, 33, 29, 23, 38, 38, 37, 29, 25, 38, 36, 38, 37, 46, 36, 40, 54, 28, 41, 35, 27]}, null, null, 39200, false, [], false, 0, [], null, 0, 1602240901.507819, 0, {}]
[{"0": [31, 36, 32, 40, 34, 35, 32, 34, 37, 34, 33, 31, 24, 37, 47, 35, 31, 31, 47, 39, 34, 40, 33, 44, 49, 31, 29, 39, 26, 32]}, null, null, 39600, false, [], false, 0, [], null, 0, 1602240976.9103625, 0, {}]
[{"0": [35, 35, 38, 35, 30, 33, 40, 30, 29, 36, 24, 27, 23, 26, 37, 30, 30, 34, 32, 27, 31, 37, 43, 37, 33, 37, 51, 29, 33, 27]}, null, null, 40000, true, [], false, 0, [], null, 0, 1602241042.2315402, 0, {}]
