[{"0": [33, 37, 31, 28, 26, 33, 32, 39, 33, 43, 62, 29, 49, 28, 38, 35, 41, 30, 31, 31, 39, 48, 37, 39, 40, 45, 24, 39, 42, 38]}, null, null, 22000, false, [], false, 0, [], null, 0, 1602217549.9147837, 0, {}]
[{"0": [33, 38, 37, 35, 47, 41, 38, 44, 39, 33, 46, 36, 25, 35, 54, 34, 43, 177, 29, 35, 33, 57, 26, 42, 29, 45, 51, 47, 110, 46]}, null, null, 22400, false, [], false, 0, [], null, 0, 1602217618.1566172, 0, {}]
[{"0": [43, 41, 30, 44, 38, 37, 55, 49, 37, 27, 45, 34, 37, 45, 31, 45, 26, 38, 43, 23, 36, 27, 44, 36, 30, 58, 35, 44, 45, 29]}, null, null, 22800, false, [], false, 0, [], null, 0, 1602217706.0939956, 0, {}]
[{"0": [32, 32, 30, 39, 43, 40, 32, 44, 40, 53, 39, 40, 36, 28, 43, 33, 51, 56, 28, 27, 36, 36, 50, 30, 35, 32, 41, 35, 45, 28]}, null, null, 23200, false, [], false, 0, [], null, 0, 1602217777.3757699, 0, {}]
[{"0": [34, 41, 32, 28, 34, 39, 49, 39, 35, 39, 32, 34, 44, 46, 31, 36, 30, 34, 39, 39, 48, 41, 44, 26, 32, 40, 38, 28, 42, 37]}, null, null, 23600, false, [], false, 0, [], null, 0, 1602217836.237925, 0, {}]
[{"0": [30, 52, 32, 36, 47, 34, 41, 37, 31, 48, 44, 125, 58, 39, 39, 41, 44, 33, 38, 33, 36, 38, 46, 29, 39, 30, 44, 42, 36, 35]}, null, null, 24000, false, [], false, 0, [], null, 0, 1602217915.3260515, 0, {}]
[{"0": [44, 42, 28, 36, 39, 42, 44, 36, 42, 34, 38, 24, 38, 39, 37, 36, 41, 52, 39, 38, 41, 38, 46, 42, 37, 44, 31, 37, 39, 39]}, null, null, 24400, false, [], false, 0, [], null, 0, 1602217975.8432448, 0, {}]
[{"0": [38, 32, 27, 41, 45, 30, 32, 52, 38, 39, 44, 29, 47, 33, 39, 42, 51, 33, 39, 50, 42, 41, 34, 40, 31, 31, 29, 42, 49, 40]}, null, null, 24800, false, [], false, 0, [], null, 0, 1602218047.394301, 0, {}]
[{"0": [42, 43, 37, 41, 39, 26, 48, 37, 38, 33, 35, 30, 44, 48, 40, 36, 29, 44, 33, 36, 50, 27, 39, 43, 42, 40, 30, 34, 35, 41]}, null, null, 25200, false, [], false, 0, [], null, 0, 1602218126.7314541, 0, {}]
[{"0": [47, 37, 137, 45, 29, 43, 42, 46, 37, 51, 57, 41, 31, 47, 30, 48, 30, 36, 45, 36, 36, 32, 34, 48, 27, 33, 40, 38, 33, 35]}, null, null, 25600, false, [], false, 0, [], null, 0, 1602218182.6163125, 0, {}]
[{"0": [41, 41, 29, 30, 53, 48, 47, 37, 47, 37, 31, 42, 40, 41, 39, 37, 38, 51, 47, 34, 21, 33, 40, 34, 34, 33, 45, 33, 39, 35]}, null, null, 26000, false, [], false, 0, [], null, 0, 1602218260.6289523, 0, {}]
[{"0": [27, 37, 36, 39, 35, 32, 36, 27, 41, 38, 33, 35, 35, 34, 45, 32, 38, 45, 47, 41, 34, 42, 37, 45, 34, 40, 43, 31, 36, 25]}, null, null, 26400, false, [], false, 0, [], null, 0, 1602218325.0400999, 0, {}]
[{"0": [35, 33, 40, 43, 35, 43, 38, 37, 41, 38, 33, 29, 30, 30, 36, 35, 46, 33, 40, 102, 40, 24, 28, 41, 37, 47, 39, 36, 30, 39]}, null, null, 26800, false, [], false, 0, [], null, 0, 1602218396.0160763, 0, {}]
[{"0": [31, 38, 32, 43, 40, 49, 47, 41, 33, 34, 33, 30, 32, 41, 22, 36, 28, 28, 48, 40, 41, 47, 48, 36, 28, 34, 31, 45, 36, 36]}, null, null, 27200, false, [], false, 0, [], null, 0, 1602218472.4063585, 0, {}]
[{"0": [42, 39, 31, 35, 47, 32, 32, 31, 40, 42, 31, 33, 34, 42, 45, 27, 42, 27, 50, 46, 40, 52, 37, 36, 39, 47, 39, 39, 39, 41]}, null, null, 27600, false, [], false, 0, [], null, 0, 1602218535.4127545, 0, {}]
[{"0": [33, 39, 40, 26, 32, 41, 35, 37, 43, 40, 45, 51, 40, 40, 26, 42, 31, 44, 34, 43, 35, 41, 55, 37, 33, 46, 36, 42, 32, 43]}, null, null, 28000, false, [], false, 0, [], null, 0, 1602218605.1017284, 0, {}]
[{"0": [43, 29, 29, 35, 39, 32, 47, 43, 29, 123, 61, 40, 47, 46, 46, 36, 41, 53, 31, 44, 39, 50, 40, 35, 28, 43, 43, 34, 40, 41]}, null, null, 28400, false, [], false, 0, [], null, 0, 1602218671.2663553, 0, {}]
[{"0": [30, 45, 33, 48, 37, 37, 38, 36, 38, 32, 23, 35, 35, 27, 31, 46, 43, 40, 28, 34, 47, 41, 34, 44, 35, 31, 39, 45, 49, 44]}, null, null, 28800, false, [], false, 0, [], null, 0, 1602218745.268712, 0, {}]
[{"0": [44, 48, 35, 52, 39, 32, 37, 44, 42, 48, 30, 37, 43, 56, 38, 29, 43, 44, 30, 27, 38, 38, 36, 44, 32, 39, 48, 29, 49, 52]}, null, null, 29200, false, [], false, 0, [], null, 0, 1602218821.9399812, 0, {}]
[{"0": [41, 38, 32, 40, 46, 31, 38, 36, 31, 40, 34, 34, 42, 34, 45, 75, 38, 53, 32, 36, 31, 32, 45, 34, 34, 37, 38, 41, 57, 28]}, null, null, 29600, false, [], false, 0, [], null, 0, 1602218874.3247774, 0, {}]
[{"0": [26, 51, 38, 36, 51, 39, 46, 44, 35, 29, 36, 34, 50, 49, 34, 60, 41, 35, 41, 45, 33, 37, 35, 31, 29, 33, 55, 40, 510, 29]}, null, null, 30000, false, [], false, 0, [], null, 0, 1602218953.4624968, 0, {}]
[{"0": [383, 43, 46, 54, 40, 40, 65, 52, 47, 31, 47, 36, 43, 52, 34, 43, 40, 36, 52, 53, 59, 32, 51, 40, 32, 41, 51, 38, 50, 44]}, null, null, 30400, false, [], false, 0, [], null, 0, 1602219024.7197883, 0, {}]
[{"0": [36, 50, 38, 38, 67, 34, 62, 41, 18, 40, 32, 39, 45, 523, 36, 43, 43, 34, 143, 35, 22, 38, 29, 40, 65, 34, 38, 31, 44, 52]}, null, null, 30800, false, [], false, 0, [], null, 0, 1602219109.4990473, 0, {}]
[{"0": [35, 38, 61, 35, 45, 47, 45, 38, 38, 42, 35, 39, 33, 29, 39, 23, 61, 39, 36, 33, 41, 51, 31, 29, 41, 50, 36, 33, 51, 46]}, null, null, 31200, false, [], false, 0, [], null, 0, 1602219200.2567785, 0, {}]
[{"0": [33, 33, 33, 36, 36, 39, 35, 37, 43, 44, 27, 35, 40, 37, 43, 52, 40, 130, 36, 39, 44, 29, 42, 40, 44, 36, 38, 41, 46, 49]}, null, null, 31600, false, [], false, 0, [], null, 0, 1602219267.6472933, 0, {}]
[{"0": [39, 37, 39, 41, 33, 76, 35, 38, 39, 48, 46, 41, 36, 29, 43, 38, 37, 29, 34, 34, 35, 40, 50, 31, 48, 53, 45, 31, 37, 34]}, null, null, 32000, false, [], false, 0, [], null, 0, 1602219346.8745928, 0, {}]
[{"0": [50, 39, 28, 42, 53, 48, 43, 42, 44, 43, 39, 33, 43, 38, 34, 40, 43, 48, 38, 33, 28, 63, 37, 58, 35, 40, 37, 85, 36, 68]}, null, null, 32400, false, [], false, 0, [], null, 0, 1602219417.7059896, 0, {}]
[{"0": [35, 50, 44, 39, 39, 46, 143, 54, 37, 44, 51, 46, 31, 37, 54, 31, 634, 43, 32, 35, 65, 32, 36, 38, 42, 33, 32, 33, 56, 49]}, null, null, 32800, false, [], false, 0, [], null, 0, 1602219495.608762, 0, {}]
[{"0": [646, 36, 36, 37, 58, 109, 64, 58, 500, 55, 46, 45, 64, 36, 43, 71, 53, 189, 151, 46, 47, 38, 153, 755, 66, 47, 57, 44, 61, 59]}, null, null, 33200, false, [], false, 0, [], null, 0, 1602219590.8868978, 0, {}]
[{"0": [85, 45, 389, 31, 60, 38, 293, 55, 33, 35, 40, 54, 45, 34, 35, 55, 37, 40, 70, 100, 47, 57, 60, 187, 162, 185, 118, 370, 121, 45]}, null, null, 33600, false, [], false, 0, [], null, 0, 1602219735.7037556, 0, {}]
[{"0": [28, 47, 58, 144, 45, 33, 34, 307, 41, 21, 88, 112, 42, 120, 312, 47, 53, 36, 43, 36, 38, 38, 39, 43, 55, 62, 35, 272, 158, 33]}, null, null, 34000, false, [], false, 0, [], null, 0, 1602219912.50091, 0, {}]
[{"0": [37, 74, 52, 71, 680, 44, 41, 55, 43, 65, 70, 222, 46, 130, 29, 40, 54, 53, 51, 40, 44, 46, 44, 135, 37, 34, 661, 44, 343, 459]}, null, null, 34400, false, [], false, 0, [], null, 0, 1602220074.8748963, 0, {}]
[{"0": [51, 94, 79, 45, 300, 54, 30, 57, 44, 47, 72, 40, 54, 61, 40, 55, 45, 184, 207, 45, 42, 55, 89, 47, 51, 39, 42, 200, 410, 42]}, null, null, 34800, false, [], false, 0, [], null, 0, 1602220228.888607, 0, {}]
[{"0": [58, 60, 49, 48, 33, 54, 77, 44, 74, 71, 72, 76, 52, 67, 61, 48, 41, 34, 135, 44, 56, 357, 677, 41, 395, 51, 95, 56, 39, 36]}, null, null, 35200, false, [], false, 0, [], null, 0, 1602220372.0095105, 0, {}]
[{"0": [34, 34, 40, 36, 43, 45, 45, 49, 62, 38, 553, 458, 102, 35, 62, 35, 36, 59, 40, 54, 93, 29, 146, 51, 35, 46, 37, 48, 62, 52]}, null, null, 35600, false, [], false, 0, [], null, 0, 1602220495.445554, 0, {}]
[{"0": [43, 39, 66, 39, 80, 55, 562, 108, 51, 488, 161, 52, 41, 56, 150, 51, 60, 59, 29, 33, 49, 41, 49, 71, 56, 39, 25, 32, 44, 35]}, null, null, 36000, false, [], false, 0, [], null, 0, 1602220621.3108609, 0, {}]
[{"0": [55, 99, 99, 51, 617, 498, 42, 36, 360, 40, 52, 63, 124, 44, 45, 37, 41, 37, 33, 31, 38, 30, 42, 48, 72, 57, 34, 40, 29, 31]}, null, null, 36400, false, [], false, 0, [], null, 0, 1602220747.36704, 0, {}]
[{"0": [61, 42, 39, 43, 32, 121, 47, 41, 39, 68, 29, 45, 60, 60, 41, 44, 32, 48, 95, 104, 37, 41, 55, 39, 47, 32, 36, 32, 155, 184]}, null, null, 36800, false, [], false, 0, [], null, 0, 1602220879.128322, 0, {}]
[{"0": [36, 46, 56, 45, 360, 36, 42, 31, 50, 62, 45, 32, 120, 2482, 42, 38, 57, 50, 31, 42, 39, 47, 54, 59, 43, 57, 75, 40, 63, 68]}, null, null, 37200, false, [], false, 0, [], null, 0, 1602221006.2967117, 0, {}]
[{"0": [40, 57, 56, 57, 30, 42, 35, 61, 172, 59, 62, 35, 33, 38, 45, 74, 43, 602, 40, 35, 52, 49, 69, 39, 44, 49, 55, 52, 44, 42]}, null, null, 37600, false, [], false, 0, [], null, 0, 1602221106.4215257, 0, {}]
[{"0": [40, 50, 35, 59, 30, 49, 150, 35, 55, 37, 37, 45, 50, 57, 45, 47, 68, 44, 47, 44, 32, 32, 31, 38, 28, 404, 29, 48, 33, 26]}, null, null, 38000, false, [], false, 0, [], null, 0, 1602221200.1189084, 0, {}]
[{"0": [37, 41, 48, 45, 61, 37, 40, 36, 36, 29, 31, 34, 69, 47, 117, 32, 67, 38, 53, 53, 45, 32, 37, 49, 538, 383, 850, 49, 49, 48]}, null, null, 38400, false, [], false, 0, [], null, 0, 1602221291.62105, 0, {}]
[{"0": [52, 35, 47, 35, 2067, 36, 27, 44, 89, 43, 42, 38, 47, 38, 899, 33, 59, 94, 41, 59, 38, 33, 34, 47, 26, 52, 43, 45, 28, 41]}, null, null, 38800, false, [], false, 0, [], null, 0, 1602221404.8433166, 0, {}]
[{"0": [51, 36, 26, 57, 39, 41, 37, 50, 28, 37, 34, 37, 33, 44, 32, 41, 57, 132, 118, 38, 35, 124, 32, 42, 47, 48, 27, 41, 37, 53]}, null, null, 39200, false, [], false, 0, [], null, 0, 1602221518.0438256, 0, {}]
[{"0": [36, 47, 42, 41, 59, 42, 58, 49, 42, 43, 45, 40, 41, 50, 28, 34, 34, 42, 38, 38, 27, 36, 40, 60, 60, 28, 46, 42, 48, 31]}, null, null, 39600, false, [], false, 0, [], null, 0, 1602221621.747521, 0, {}]
[{"0": [264, 40, 54, 34, 46, 41, 64, 47, 36, 30, 31, 35, 43, 40, 37, 25, 39, 42, 36, 42, 38, 40, 35, 46, 41, 44, 62, 28, 32, 35]}, null, null, 40000, true, [], false, 0, [], null, 0, 1602221691.0784347, 0, {}]
