[{"0": [53, 43, 43, 32, 122, 40, 45, 34, 37, 32, 37, 35, 39, 32, 38, 40, 56, 42, 39, 48, 41, 49, 52, 47, 42, 42, 38, 32, 52, 44]}, null, null, 22000, false, [], false, 0, [], null, 0, 1602221775.8415668, 0, {}]
[{"0": [43, 27, 45, 37, 38, 35, 26, 45, 54, 40, 29, 42, 33, 40, 36, 40, 40, 57, 49, 43, 48, 42, 50, 38, 40, 42, 35, 42, 45, 33]}, null, null, 22400, false, [], false, 0, [], null, 0, 1602221852.5433002, 0, {}]
[{"0": [42, 47, 32, 34, 46, 48, 39, 20, 39, 44, 34, 39, 53, 30, 32, 35, 37, 27, 43, 41, 40, 28, 43, 41, 36, 30, 50, 40, 35, 39]}, null, null, 22800, false, [], false, 0, [], null, 0, 1602221916.457828, 0, {}]
[{"0": [32, 34, 40, 36, 41, 49, 40, 33, 40, 43, 27, 48, 44, 64, 45, 28, 46, 42, 39, 37, 49, 44, 42, 35, 37, 41, 41, 28, 30, 38]}, null, null, 23200, false, [], false, 0, [], null, 0, 1602221981.7283351, 0, {}]
[{"0": [47, 45, 44, 25, 45, 33, 43, 48, 38, 43, 40, 48, 37, 35, 36, 60, 34, 36, 21, 33, 46, 34, 37, 41, 51, 34, 32, 47, 43, 33]}, null, null, 23600, false, [], false, 0, [], null, 0, 1602222051.1663966, 0, {}]
[{"0": [41, 23, 35, 43, 38, 44, 34, 38, 46, 36, 45, 37, 38, 41, 39, 39, 38, 33, 29, 37, 44, 40, 32, 36, 42, 44, 46, 68, 39, 35]}, null, null, 24000, false, [], false, 0, [], null, 0, 1602222107.111292, 0, {}]
[{"0": [43, 48, 44, 41, 32, 36, 36, 66, 38, 40, 29, 35, 50, 42, 46, 42, 47, 42, 36, 32, 30, 52, 42, 36, 36, 43, 43, 40, 41, 39]}, null, null, 24400, false, [], false, 0, [], null, 0, 1602222185.1764326, 0, {}]
[{"0": [35, 45, 28, 49, 55, 35, 38, 48, 32, 37, 28, 31, 37, 34, 41, 31, 37, 31, 40, 56, 42, 59, 39, 44, 45, 30, 44, 40, 38, 53]}, null, null, 24800, false, [], false, 0, [], null, 0, 1602222246.6675959, 0, {}]
[{"0": [50, 35, 35, 43, 45, 32, 43, 44, 40, 49, 43, 51, 38, 41, 50, 30, 40, 37, 28, 41, 25, 40, 37, 40, 47, 33, 45, 37, 51, 40]}, null, null, 25200, false, [], false, 0, [], null, 0, 1602222306.2468655, 0, {}]
[{"0": [34, 41, 48, 35, 45, 41, 49, 48, 43, 44, 50, 30, 43, 48, 41, 40, 49, 37, 39, 40, 47, 33, 33, 41, 37, 45, 35, 37, 33, 39]}, null, null, 25600, false, [], false, 0, [], null, 0, 1602222387.7697058, 0, {}]
[{"0": [36, 51, 24, 117, 38, 34, 38, 40, 42, 35, 46, 42, 38, 41, 112, 46, 36, 51, 37, 30, 31, 35, 25, 48, 37, 41, 30, 35, 35, 44]}, null, null, 26000, false, [], false, 0, [], null, 0, 1602222434.1826954, 0, {}]
[{"0": [32, 38, 57, 35, 42, 43, 32, 49, 41, 41, 40, 39, 40, 29, 29, 42, 43, 33, 43, 33, 46, 31, 34, 48, 31, 32, 41, 46, 45, 33]}, null, null, 26400, false, [], false, 0, [], null, 0, 1602222535.268472, 0, {}]
[{"0": [46, 33, 26, 48, 37, 46, 36, 41, 31, 34, 36, 51, 31, 37, 42, 37, 36, 53, 36, 41, 36, 45, 41, 40, 36, 47, 37, 32, 38, 32]}, null, null, 26800, false, [], false, 0, [], null, 0, 1602222603.7392848, 0, {}]
[{"0": [51, 39, 31, 43, 35, 30, 40, 33, 24, 36, 38, 38, 42, 88, 43, 39, 56, 39, 38, 32, 38, 52, 34, 38, 42, 40, 46, 38, 44, 43]}, null, null, 27200, false, [], false, 0, [], null, 0, 1602222654.3734732, 0, {}]
[{"0": [33, 31, 44, 45, 42, 45, 40, 37, 42, 44, 48, 49, 50, 50, 51, 46, 39, 27, 53, 47, 34, 40, 44, 45, 49, 38, 37, 31, 33, 31]}, null, null, 27600, false, [], false, 0, [], null, 0, 1602222741.4827564, 0, {}]
[{"0": [34, 36, 39, 39, 33, 49, 44, 42, 50, 31, 37, 43, 49, 41, 41, 27, 46, 45, 37, 45, 34, 50, 37, 35, 40, 32, 27, 47, 35, 45]}, null, null, 28000, false, [], false, 0, [], null, 0, 1602222807.8014913, 0, {}]
[{"0": [33, 53, 38, 36, 44, 47, 46, 32, 48, 30, 40, 47, 39, 43, 42, 39, 50, 39, 42, 37, 25, 41, 35, 45, 38, 35, 46, 38, 43, 29]}, null, null, 28400, false, [], false, 0, [], null, 0, 1602222872.2604208, 0, {}]
[{"0": [35, 30, 38, 38, 41, 45, 29, 39, 36, 56, 36, 42, 47, 38, 34, 32, 38, 49, 32, 35, 49, 43, 33, 33, 40, 39, 44, 40, 37, 45]}, null, null, 28800, false, [], false, 0, [], null, 0, 1602222938.5738614, 0, {}]
[{"0": [39, 49, 39, 51, 37, 49, 33, 32, 29, 37, 47, 43, 38, 35, 30, 435, 26, 36, 50, 40, 45, 37, 38, 35, 38, 38, 29, 45, 43, 39]}, null, null, 29200, false, [], false, 0, [], null, 0, 1602223001.2188604, 0, {}]
[{"0": [31, 22, 36, 54, 31, 39, 31, 36, 46, 45, 46, 52, 35, 33, 52, 42, 46, 24, 36, 33, 33, 35, 44, 39, 40, 27, 42, 31, 36, 50]}, null, null, 29600, false, [], false, 0, [], null, 0, 1602223081.4295866, 0, {}]
[{"0": [38, 36, 30, 34, 36, 32, 36, 30, 44, 41, 33, 36, 37, 43, 39, 36, 38, 40, 43, 34, 38, 49, 29, 37, 38, 33, 32, 35, 28, 39]}, null, null, 30000, false, [], false, 0, [], null, 0, 1602223153.1464114, 0, {}]
[{"0": [51, 35, 40, 39, 40, 44, 37, 47, 33, 25, 27, 46, 43, 49, 38, 48, 48, 53, 39, 47, 38, 37, 38, 34, 35, 49, 30, 31, 40, 41]}, null, null, 30400, false, [], false, 0, [], null, 0, 1602223224.3733578, 0, {}]
[{"0": [39, 48, 40, 37, 31, 40, 43, 49, 34, 33, 55, 38, 21, 40, 42, 43, 34, 34, 35, 36, 31, 35, 26, 30, 38, 34, 61, 56, 41, 31]}, null, null, 30800, false, [], false, 0, [], null, 0, 1602223286.3207552, 0, {}]
[{"0": [32, 44, 44, 41, 40, 33, 42, 32, 42, 41, 41, 39, 41, 40, 32, 49, 35, 39, 42, 31, 51, 46, 36, 38, 53, 41, 46, 42, 45, 35]}, null, null, 31200, false, [], false, 0, [], null, 0, 1602223363.5779116, 0, {}]
[{"0": [43, 44, 23, 44, 33, 41, 46, 43, 26, 41, 45, 41, 21, 24, 40, 44, 43, 36, 28, 28, 50, 32, 33, 35, 52, 43, 52, 45, 45, 21]}, null, null, 31600, false, [], false, 0, [], null, 0, 1602223424.975747, 0, {}]
[{"0": [39, 42, 36, 45, 53, 31, 45, 32, 30, 35, 42, 43, 42, 33, 39, 34, 42, 27, 31, 34, 34, 29, 49, 32, 31, 45, 40, 34, 50, 34]}, null, null, 32000, false, [], false, 0, [], null, 0, 1602223500.4936163, 0, {}]
[{"0": [57, 54, 34, 59, 58, 31, 38, 37, 27, 44, 30, 40, 42, 37, 53, 42, 40, 39, 33, 46, 47, 45, 61, 34, 42, 42, 44, 37, 40, 40]}, null, null, 32400, false, [], false, 0, [], null, 0, 1602223565.9872026, 0, {}]
[{"0": [42, 30, 30, 44, 35, 34, 42, 39, 42, 49, 48, 35, 42, 37, 43, 35, 42, 35, 27, 36, 47, 45, 38, 30, 39, 30, 49, 38, 40, 49]}, null, null, 32800, false, [], false, 0, [], null, 0, 1602223632.7345147, 0, {}]
[{"0": [74, 37, 39, 43, 93, 41, 40, 45, 34, 42, 43, 54, 30, 48, 48, 35, 39, 38, 46, 58, 53, 37, 33, 38, 36, 43, 80, 51, 40, 50]}, null, null, 33200, false, [], false, 0, [], null, 0, 1602223706.7194493, 0, {}]
[{"0": [94, 648, 2432, 686, 224, 146, 418, 63, 51, 69, 55, 49, 58, 44, 42, 46, 59, 54, 38, 134, 56, 110, 33, 86, 180, 732, 44, 613, 142, 47]}, null, null, 33600, false, [], false, 0, [], null, 0, 1602223825.3598228, 0, {}]
[{"0": [40, 38, 43, 51, 65, 48, 175, 52, 395, 31, 134, 236, 53, 74, 55, 109, 46, 181, 42, 53, 54, 46, 51, 29, 59, 114, 239, 281, 113, 55]}, null, null, 34000, false, [], false, 0, [], null, 0, 1602224042.790436, 0, {}]
[{"0": [59, 57, 38, 42, 44, 79, 1055, 85, 69, 42, 52, 51, 37, 56, 35, 44, 46, 72, 36, 86, 36, 39, 104, 66, 42, 51, 45, 468, 32, 50]}, null, null, 34400, false, [], false, 0, [], null, 0, 1602224222.9010048, 0, {}]
[{"0": [39, 41, 46, 64, 50, 36, 84, 46, 46, 56, 48, 47, 46, 48, 43, 39, 38, 44, 52, 43, 60, 61, 50, 119, 86, 41, 48, 72, 156, 36]}, null, null, 34800, false, [], false, 0, [], null, 0, 1602224349.8390331, 0, {}]
[{"0": [47, 54, 43, 58, 42, 47, 39, 38, 42, 46, 39, 48, 53, 38, 53, 39, 25, 61, 57, 70, 34, 31, 34, 84, 227, 96, 36, 51, 68, 50]}, null, null, 35200, false, [], false, 0, [], null, 0, 1602224465.396091, 0, {}]
[{"0": [35, 38, 40, 46, 59, 26, 41, 37, 40, 48, 63, 40, 49, 42, 43, 27, 56, 47, 49, 44, 42, 41, 34, 37, 34, 41, 41, 35, 41, 51]}, null, null, 35600, false, [], false, 0, [], null, 0, 1602224566.838256, 0, {}]
[{"0": [40, 49, 56, 58, 47, 49, 40, 44, 609, 60, 70, 382, 47, 71, 57, 55, 45, 48, 46, 44, 53, 60, 83, 154, 48, 40, 55, 42, 45, 39]}, null, null, 36000, false, [], false, 0, [], null, 0, 1602224638.3409743, 0, {}]
[{"0": [32, 42, 74, 46, 102, 25, 119, 109, 90, 43, 45, 34, 37, 30, 39, 34, 39, 31, 70, 35, 67, 39, 47, 44, 35, 48, 45, 40, 42, 29]}, null, null, 36400, false, [], false, 0, [], null, 0, 1602224750.7982697, 0, {}]
[{"0": [42, 27, 38, 199, 45, 89, 42, 61, 49, 49, 607, 40, 36, 57, 44, 43, 46, 68, 78, 41, 276, 53, 50, 45, 33, 37, 35, 42, 54, 44]}, null, null, 36800, false, [], false, 0, [], null, 0, 1602224864.257723, 0, {}]
[{"0": [35, 46, 37, 53, 59, 169, 53, 30, 136, 1970, 41, 37, 38, 41, 40, 40, 34, 46, 38, 37, 32, 48, 39, 36, 47, 37, 34, 53, 32, 38]}, null, null, 37200, false, [], false, 0, [], null, 0, 1602224979.4513042, 0, {}]
[{"0": [27, 51, 40, 28, 54, 36, 57, 56, 42, 73, 77, 32, 470, 61, 60, 31, 40, 28, 45, 28, 52, 420, 39, 46, 40, 47, 40, 42, 24, 52]}, null, null, 37600, false, [], false, 0, [], null, 0, 1602225078.240508, 0, {}]
[{"0": [43, 33, 48, 36, 35, 42, 29, 39, 28, 41, 39, 30, 36, 48, 30, 30, 45, 34, 23, 33, 46, 43, 42, 49, 59, 43, 38, 56, 36, 47]}, null, null, 38000, false, [], false, 0, [], null, 0, 1602225165.8845005, 0, {}]
[{"0": [46, 37, 41, 45, 30, 30, 41, 29, 36, 37, 41, 33, 42, 73, 49, 36, 120, 42, 37, 51, 50, 61, 51, 34, 68, 44, 37, 44, 38, 44]}, null, null, 38400, false, [], false, 0, [], null, 0, 1602225235.5857875, 0, {}]
[{"0": [35, 38, 30, 35, 34, 41, 34, 92, 36, 21, 38, 40, 36, 27, 39, 39, 40, 32, 55, 49, 68, 32, 57, 32, 50, 39, 45, 37, 31, 44]}, null, null, 38800, false, [], false, 0, [], null, 0, 1602225308.5240474, 0, {}]
[{"0": [31, 54, 42, 43, 42, 121, 57, 45, 40, 39, 40, 26, 61, 35, 34, 34, 50, 59, 40, 37, 30, 34, 63, 42, 50, 35, 42, 29, 37, 45]}, null, null, 39200, false, [], false, 0, [], null, 0, 1602225400.989103, 0, {}]
[{"0": [36, 45, 39, 39, 42, 32, 44, 39, 46, 46, 24, 54, 36, 29, 51, 37, 41, 39, 31, 32, 54, 50, 35, 38, 59, 36, 47, 30, 25, 58]}, null, null, 39600, false, [], false, 0, [], null, 0, 1602225458.9403346, 0, {}]
[{"0": [35, 39, 39, 33, 70, 45, 28, 28, 40, 36, 35, 29, 73, 133, 41, 51, 46, 44, 45, 39, 36, 46, 37, 45, 33, 38, 50, 42, 253, 44]}, null, null, 40000, true, [], false, 0, [], null, 0, 1602225548.0676894, 0, {}]
