[{"0": [34, 31, 34, 41, 30, 39, 30, 41, 42, 40, 41, 31, 37, 35, 45, 35, 32, 43, 37, 31, 67, 35, 48, 42, 50, 39, 34, 36, 44, 40]}, null, null, 22000, false, [], false, 0, [], null, 0, 1602229493.289575, 0, {}]
[{"0": [50, 41, 38, 37, 49, 40, 31, 24, 42, 35, 40, 35, 35, 26, 40, 25, 38, 43, 51, 37, 36, 34, 29, 35, 40, 41, 36, 37, 41, 24]}, null, null, 22400, false, [], false, 0, [], null, 0, 1602229558.0289462, 0, {}]
[{"0": [47, 29, 35, 33, 33, 45, 40, 34, 36, 36, 29, 35, 35, 39, 48, 36, 42, 35, 35, 52, 49, 41, 36, 46, 39, 49, 41, 33, 39, 39]}, null, null, 22800, false, [], false, 0, [], null, 0, 1602229619.9887557, 0, {}]
[{"0": [39, 49, 41, 43, 40, 38, 45, 37, 35, 35, 36, 43, 36, 35, 40, 34, 38, 36, 40, 30, 54, 27, 24, 37, 32, 38, 43, 35, 34, 29]}, null, null, 23200, false, [], false, 0, [], null, 0, 1602229678.6081297, 0, {}]
[{"0": [41, 42, 34, 29, 36, 45, 42, 40, 47, 38, 28, 30, 55, 42, 37, 34, 37, 40, 29, 32, 39, 41, 43, 38, 34, 49, 42, 36, 35, 36]}, null, null, 23600, false, [], false, 0, [], null, 0, 1602229741.424096, 0, {}]
[{"0": [37, 37, 38, 38, 37, 50, 40, 33, 37, 31, 35, 45, 45, 36, 40, 38, 30, 50, 49, 29, 40, 51, 41, 32, 39, 35, 61, 32, 41, 33]}, null, null, 24000, false, [], false, 0, [], null, 0, 1602229801.4708085, 0, {}]
[{"0": [42, 42, 43, 35, 37, 43, 31, 39, 40, 40, 37, 49, 54, 28, 33, 46, 29, 34, 34, 46, 36, 32, 37, 39, 33, 43, 33, 45, 37, 37]}, null, null, 24400, false, [], false, 0, [], null, 0, 1602229894.8462403, 0, {}]
[{"0": [31, 39, 50, 22, 37, 27, 32, 32, 27, 37, 39, 43, 26, 40, 42, 40, 43, 33, 62, 32, 43, 33, 39, 49, 35, 33, 38, 37, 30, 31]}, null, null, 24800, false, [], false, 0, [], null, 0, 1602229994.3995306, 0, {}]
[{"0": [36, 33, 35, 33, 44, 32, 36, 30, 31, 26, 35, 39, 41, 32, 32, 44, 44, 29, 32, 32, 36, 29, 29, 31, 32, 38, 37, 38, 37, 41]}, null, null, 25200, false, [], false, 0, [], null, 0, 1602230051.9715638, 0, {}]
[{"0": [31, 36, 30, 45, 30, 41, 42, 36, 39, 39, 37, 38, 27, 46, 46, 37, 38, 32, 31, 56, 41, 37, 32, 29, 46, 55, 37, 36, 42, 43]}, null, null, 25600, false, [], false, 0, [], null, 0, 1602230099.638945, 0, {}]
[{"0": [34, 41, 36, 33, 30, 39, 37, 23, 31, 44, 33, 39, 37, 33, 35, 41, 39, 41, 31, 29, 23, 36, 38, 35, 29, 38, 33, 47, 42, 36]}, null, null, 26000, false, [], false, 0, [], null, 0, 1602230187.2738929, 0, {}]
[{"0": [48, 48, 41, 34, 38, 26, 38, 38, 31, 55, 41, 48, 39, 29, 28, 50, 34, 36, 47, 32, 43, 38, 38, 35, 34, 34, 29, 38, 42, 24]}, null, null, 26400, false, [], false, 0, [], null, 0, 1602230253.7207148, 0, {}]
[{"0": [30, 43, 33, 41, 21, 34, 35, 33, 36, 25, 38, 31, 28, 40, 35, 33, 37, 36, 38, 33, 54, 43, 34, 46, 48, 37, 41, 42, 34, 38]}, null, null, 26800, false, [], false, 0, [], null, 0, 1602230297.7975326, 0, {}]
[{"0": [68, 35, 41, 35, 37, 43, 40, 34, 25, 28, 41, 34, 53, 39, 41, 34, 39, 49, 38, 37, 29, 35, 43, 43, 45, 48, 30, 36, 27, 32]}, null, null, 27200, false, [], false, 0, [], null, 0, 1602230377.5678523, 0, {}]
[{"0": [42, 36, 29, 43, 33, 37, 30, 41, 46, 25, 39, 37, 30, 46, 39, 37, 42, 43, 44, 26, 36, 40, 42, 27, 36, 39, 41, 33, 41, 28]}, null, null, 27600, false, [], false, 0, [], null, 0, 1602230446.121359, 0, {}]
[{"0": [40, 39, 29, 39, 45, 32, 37, 35, 45, 40, 36, 42, 34, 33, 42, 32, 38, 38, 30, 32, 36, 32, 43, 34, 50, 29, 35, 43, 43, 36]}, null, null, 28000, false, [], false, 0, [], null, 0, 1602230496.3163397, 0, {}]
[{"0": [36, 47, 42, 43, 51, 39, 41, 30, 32, 40, 43, 33, 26, 37, 38, 37, 35, 40, 31, 38, 40, 39, 43, 32, 39, 34, 33, 36, 42, 41]}, null, null, 28400, false, [], false, 0, [], null, 0, 1602230571.7606351, 0, {}]
[{"0": [51, 34, 30, 34, 29, 40, 45, 30, 45, 37, 38, 40, 27, 32, 36, 45, 38, 26, 44, 36, 37, 32, 34, 35, 26, 38, 43, 46, 39, 43]}, null, null, 28800, false, [], false, 0, [], null, 0, 1602230636.2341475, 0, {}]
[{"0": [40, 40, 48, 43, 56, 45, 44, 53, 96, 43, 39, 29, 36, 38, 38, 31, 34, 38, 45, 43, 36, 44, 47, 33, 32, 30, 24, 47, 32, 41]}, null, null, 29200, false, [], false, 0, [], null, 0, 1602230702.762716, 0, {}]
[{"0": [36, 37, 42, 38, 49, 38, 38, 33, 34, 36, 44, 37, 42, 27, 51, 31, 43, 37, 28, 29, 35, 37, 43, 43, 38, 44, 41, 32, 38, 31]}, null, null, 29600, false, [], false, 0, [], null, 0, 1602230780.536195, 0, {}]
[{"0": [41, 30, 46, 37, 34, 34, 36, 31, 36, 50, 41, 31, 49, 35, 36, 39, 43, 36, 48, 39, 53, 44, 43, 39, 34, 27, 44, 59, 42, 51]}, null, null, 30000, false, [], false, 0, [], null, 0, 1602230847.589805, 0, {}]
[{"0": [35, 32, 34, 37, 34, 55, 40, 36, 45, 30, 37, 41, 37, 33, 44, 42, 29, 28, 44, 40, 44, 32, 29, 35, 48, 36, 22, 33, 35, 36]}, null, null, 30400, false, [], false, 0, [], null, 0, 1602230939.132221, 0, {}]
[{"0": [32, 35, 45, 37, 28, 36, 38, 34, 41, 34, 36, 38, 37, 44, 46, 28, 43, 35, 32, 33, 33, 42, 45, 39, 39, 44, 30, 40, 42, 44]}, null, null, 30800, false, [], false, 0, [], null, 0, 1602231041.6873229, 0, {}]
[{"0": [54, 41, 52, 41, 47, 33, 34, 28, 44, 43, 39, 38, 31, 48, 30, 54, 33, 42, 39, 56, 38, 44, 41, 45, 37, 40, 44, 37, 51, 39]}, null, null, 31200, false, [], false, 0, [], null, 0, 1602231110.4764245, 0, {}]
[{"0": [30, 30, 38, 29, 45, 35, 45, 33, 32, 28, 55, 37, 33, 42, 31, 47, 41, 49, 43, 27, 45, 35, 34, 52, 31, 37, 36, 29, 34, 35]}, null, null, 31600, false, [], false, 0, [], null, 0, 1602231178.250662, 0, {}]
[{"0": [27, 26, 39, 46, 51, 51, 33, 32, 32, 46, 39, 44, 46, 46, 21, 33, 31, 32, 34, 36, 46, 33, 44, 36, 36, 40, 32, 45, 30, 32]}, null, null, 32000, false, [], false, 0, [], null, 0, 1602231246.908294, 0, {}]
[{"0": [31, 54, 48, 38, 52, 41, 37, 43, 37, 101, 50, 35, 43, 39, 25, 32, 44, 43, 49, 39, 51, 38, 68, 42, 41, 36, 63, 45, 48, 33]}, null, null, 32400, false, [], false, 0, [], null, 0, 1602231317.251616, 0, {}]
[{"0": [41, 31, 45, 23, 39, 35, 48, 29, 46, 39, 49, 114, 42, 56, 27, 37, 36, 56, 45, 49, 43, 57, 33, 31, 59, 53, 46, 34, 973, 42]}, null, null, 32800, false, [], false, 0, [], null, 0, 1602231399.3356223, 0, {}]
[{"0": [64, 26, 67, 435, 56, 44, 36, 50, 71, 56, 34, 49, 38, 50, 61, 42, 49, 46, 84, 38, 40, 98, 347, 46, 65, 70, 30, 44, 58, 44]}, null, null, 33200, false, [], false, 0, [], null, 0, 1602231493.922781, 0, {}]
[{"0": [80, 232, 62, 192, 268, 1393, 868, 42, 67, 447, 129, 99, 56, 121, 74, 283, 40, 35, 57, 41, 35, 62, 372, 52, 89, 265, 44, 40, 44, 47]}, null, null, 33600, false, [], false, 0, [], null, 0, 1602231602.2700813, 0, {}]
[{"0": [42, 41, 39, 35, 37, 29, 57, 50, 36, 50, 36, 40, 51, 48, 44, 251, 42, 87, 96, 67, 27, 48, 46, 71, 37, 42, 56, 207, 42, 202]}, null, null, 34000, false, [], false, 0, [], null, 0, 1602231812.4536233, 0, {}]
[{"0": [50, 42, 70, 47, 37, 55, 323, 101, 45, 43, 174, 193, 49, 194, 247, 70, 62, 97, 34, 46, 89, 120, 47, 31, 41, 42, 30, 42, 37, 88]}, null, null, 34400, false, [], false, 0, [], null, 0, 1602231930.1507466, 0, {}]
[{"0": [50, 47, 65, 44, 77, 276, 57, 54, 99, 28, 45, 40, 29, 34, 38, 41, 52, 41, 45, 48, 46, 119, 342, 132, 87, 57, 130, 63, 41, 42]}, null, null, 34800, false, [], false, 0, [], null, 0, 1602232109.0845423, 0, {}]
[{"0": [54, 44, 49, 41, 33, 39, 25, 30, 34, 39, 25, 27, 36, 44, 41, 43, 47, 47, 66, 44, 33, 36, 45, 73, 40, 49, 42, 38, 44, 80]}, null, null, 35200, false, [], false, 0, [], null, 0, 1602232256.3942058, 0, {}]
[{"0": [63, 58, 46, 27, 50, 39, 34, 30, 46, 35, 30, 53, 26, 44, 27, 41, 41, 46, 39, 45, 40, 48, 38, 42, 40, 49, 31, 50, 41, 45]}, null, null, 35600, false, [], false, 0, [], null, 0, 1602232319.5753248, 0, {}]
[{"0": [46, 27, 40, 29, 42, 64, 69, 97, 109, 218, 110, 41, 178, 39, 53, 85, 95, 29, 87, 113, 58, 31, 42, 43, 35, 116, 885, 56, 36, 104]}, null, null, 36000, false, [], false, 0, [], null, 0, 1602232387.6880157, 0, {}]
[{"0": [37, 56, 210, 34, 37, 36, 58, 55, 38, 34, 65, 58, 102, 93, 35, 42, 40, 56, 89, 38, 31, 53, 29, 47, 53, 104, 28, 40, 39, 43]}, null, null, 36400, false, [], false, 0, [], null, 0, 1602232586.9179497, 0, {}]
[{"0": [45, 34, 49, 33, 30, 47, 28, 42, 43, 46, 34, 51, 40, 48, 88, 48, 54, 78, 58, 66, 40, 76, 42, 33, 71, 76, 59, 37, 42, 169]}, null, null, 36800, false, [], false, 0, [], null, 0, 1602232711.3779812, 0, {}]
[{"0": [41, 53, 43, 36, 52, 41, 74, 43, 40, 36, 34, 53, 54, 46, 43, 51, 61, 60, 45, 52, 29, 50, 77, 239, 48, 33, 41, 42, 49, 54]}, null, null, 37200, false, [], false, 0, [], null, 0, 1602232801.09018, 0, {}]
[{"0": [40, 43, 38, 89, 35, 38, 40, 39, 32, 74, 46, 47, 41, 33, 79, 54, 48, 34, 56, 57, 54, 50, 44, 40, 40, 47, 25, 42, 46, 21]}, null, null, 37600, false, [], false, 0, [], null, 0, 1602232881.169735, 0, {}]
[{"0": [38, 29, 34, 48, 34, 140, 51, 83, 33, 83, 64, 39, 42, 39, 35, 53, 40, 49, 25, 62, 47, 52, 107, 44, 39, 54, 35, 30, 31, 39]}, null, null, 38000, false, [], false, 0, [], null, 0, 1602232961.2287693, 0, {}]
[{"0": [40, 45, 42, 46, 41, 39, 40, 34, 33, 33, 40, 32, 37, 37, 50, 56, 30, 36, 34, 35, 61, 39, 40, 37, 44, 33, 45, 28, 32, 37]}, null, null, 38400, false, [], false, 0, [], null, 0, 1602233071.730874, 0, {}]
[{"0": [38, 44, 48, 39, 39, 46, 35, 50, 38, 33, 46, 39, 40, 34, 78, 35, 42, 33, 34, 66, 43, 35, 28, 213, 37, 24, 49, 47, 35, 36]}, null, null, 38800, false, [], false, 0, [], null, 0, 1602233137.468258, 0, {}]
[{"0": [107, 33, 45, 43, 35, 42, 52, 40, 42, 34, 27, 31, 36, 39, 28, 34, 31, 40, 36, 31, 41, 39, 46, 38, 31, 31, 36, 41, 42, 40]}, null, null, 39200, false, [], false, 0, [], null, 0, 1602233218.1618357, 0, {}]
[{"0": [37, 36, 42, 39, 40, 29, 135, 28, 29, 36, 34, 36, 48, 41, 50, 69, 19, 55, 45, 43, 114, 42, 35, 51, 38, 45, 30, 45, 33, 27]}, null, null, 39600, false, [], false, 0, [], null, 0, 1602233306.6954286, 0, {}]
[{"0": [37, 35, 41, 35, 45, 35, 38, 38, 32, 60, 47, 34, 35, 45, 63, 35, 35, 56, 29, 43, 42, 34, 43, 33, 45, 39, 35, 39, 39, 41]}, null, null, 40000, true, [], false, 0, [], null, 0, 1602233383.7242858, 0, {}]
