[{"0": [41, 44, 21, 36, 31, 41, 44, 43, 36, 44, 30, 38, 43, 38, 40, 41, 45, 39, 32, 43, 44, 37, 37, 41, 36, 41, 34, 48, 34, 36]}, null, null, 22000, false, [], false, 0, [], null, 0, 1602241117.3779716, 0, {}]
[{"0": [48, 51, 40, 29, 31, 43, 32, 44, 37, 40, 36, 33, 36, 51, 36, 30, 37, 28, 43, 31, 40, 39, 40, 41, 24, 34, 36, 36, 35, 30]}, null, null, 22400, false, [], false, 0, [], null, 0, 1602241168.7779074, 0, {}]
[{"0": [59, 27, 35, 42, 22, 33, 46, 41, 43, 51, 30, 36, 33, 45, 37, 35, 28, 47, 43, 50, 35, 35, 34, 48, 39, 36, 30, 27, 36, 38]}, null, null, 22800, false, [], false, 0, [], null, 0, 1602241251.5858371, 0, {}]
[{"0": [36, 37, 36, 47, 40, 34, 40, 30, 40, 35, 38, 34, 41, 32, 34, 40, 38, 35, 43, 30, 39, 35, 33, 38, 38, 37, 30, 29, 33, 33]}, null, null, 23200, false, [], false, 0, [], null, 0, 1602241304.8337312, 0, {}]
[{"0": [43, 37, 31, 50, 36, 30, 35, 39, 35, 44, 28, 39, 37, 35, 33, 33, 39, 24, 41, 34, 38, 43, 34, 50, 34, 43, 39, 33, 37, 31]}, null, null, 23600, false, [], false, 0, [], null, 0, 1602241375.2828956, 0, {}]
[{"0": [43, 36, 41, 23, 35, 37, 30, 35, 33, 35, 36, 38, 35, 39, 30, 34, 28, 33, 45, 25, 38, 41, 57, 37, 29, 41, 35, 35, 36, 33]}, null, null, 24000, false, [], false, 0, [], null, 0, 1602241448.646355, 0, {}]
[{"0": [31, 33, 35, 33, 36, 43, 33, 37, 36, 24, 38, 32, 30, 37, 36, 33, 35, 43, 31, 37, 27, 26, 30, 36, 36, 39, 41, 29, 26, 39]}, null, null, 24400, false, [], false, 0, [], null, 0, 1602241502.50377, 0, {}]
[{"0": [32, 39, 41, 33, 45, 29, 29, 47, 28, 35, 38, 41, 22, 30, 37, 26, 32, 39, 35, 45, 28, 33, 34, 36, 40, 46, 41, 34, 42, 24]}, null, null, 24800, false, [], false, 0, [], null, 0, 1602241566.5632994, 0, {}]
[{"0": [37, 36, 37, 36, 33, 39, 35, 40, 42, 35, 40, 37, 34, 42, 37, 33, 30, 33, 36, 36, 33, 38, 38, 29, 49, 29, 37, 39, 36, 30]}, null, null, 25200, false, [], false, 0, [], null, 0, 1602241631.920067, 0, {}]
[{"0": [23, 37, 30, 37, 36, 31, 43, 37, 21, 45, 41, 29, 38, 37, 36, 44, 31, 35, 38, 40, 42, 26, 35, 46, 34, 31, 29, 29, 36, 40]}, null, null, 25600, false, [], false, 0, [], null, 0, 1602241696.8800254, 0, {}]
[{"0": [41, 45, 33, 32, 25, 38, 36, 41, 34, 42, 44, 34, 33, 35, 27, 28, 35, 37, 39, 34, 31, 45, 48, 34, 42, 35, 47, 42, 29, 31]}, null, null, 26000, false, [], false, 0, [], null, 0, 1602241760.4379394, 0, {}]
[{"0": [41, 34, 31, 45, 35, 26, 29, 33, 33, 40, 38, 29, 43, 39, 33, 40, 65, 28, 50, 39, 30, 39, 27, 43, 30, 35, 38, 28, 42, 39]}, null, null, 26400, false, [], false, 0, [], null, 0, 1602241825.8073297, 0, {}]
[{"0": [32, 26, 33, 35, 42, 34, 25, 35, 39, 33, 43, 36, 32, 30, 39, 34, 29, 33, 37, 39, 31, 32, 39, 29, 32, 44, 34, 38, 41, 37]}, null, null, 26800, false, [], false, 0, [], null, 0, 1602241896.2257972, 0, {}]
[{"0": [35, 31, 27, 30, 52, 39, 35, 42, 31, 44, 38, 37, 27, 41, 32, 35, 36, 50, 36, 37, 26, 47, 35, 36, 43, 33, 37, 23, 35, 42]}, null, null, 27200, false, [], false, 0, [], null, 0, 1602241955.9753394, 0, {}]
[{"0": [38, 34, 32, 31, 24, 44, 38, 32, 39, 35, 45, 37, 34, 34, 31, 36, 39, 37, 34, 30, 41, 38, 28, 30, 32, 39, 35, 39, 43, 56]}, null, null, 27600, false, [], false, 0, [], null, 0, 1602242027.3957732, 0, {}]
[{"0": [31, 39, 37, 35, 33, 33, 35, 40, 53, 36, 39, 36, 43, 36, 37, 34, 47, 40, 36, 45, 24, 26, 36, 43, 42, 40, 34, 34, 47, 32]}, null, null, 28000, false, [], false, 0, [], null, 0, 1602242116.92192, 0, {}]
[{"0": [31, 38, 32, 36, 44, 24, 34, 39, 26, 33, 31, 42, 36, 45, 31, 36, 33, 30, 37, 43, 32, 40, 28, 31, 31, 40, 40, 33, 34, 39]}, null, null, 28400, false, [], false, 0, [], null, 0, 1602242219.4146917, 0, {}]
[{"0": [34, 44, 45, 55, 43, 37, 30, 32, 34, 34, 39, 39, 36, 40, 35, 38, 40, 50, 31, 32, 35, 32, 31, 39, 45, 37, 35, 43, 42, 37]}, null, null, 28800, false, [], false, 0, [], null, 0, 1602242284.4946806, 0, {}]
[{"0": [31, 21, 37, 34, 33, 36, 35, 44, 24, 28, 22, 34, 40, 24, 43, 26, 38, 30, 34, 31, 38, 25, 27, 32, 36, 39, 36, 33, 42, 39]}, null, null, 29200, false, [], false, 0, [], null, 0, 1602242324.875279, 0, {}]
[{"0": [28, 39, 30, 38, 30, 34, 49, 27, 25, 43, 22, 45, 35, 32, 51, 35, 32, 33, 37, 37, 38, 36, 41, 37, 44, 39, 42, 39, 37, 27]}, null, null, 29600, false, [], false, 0, [], null, 0, 1602242395.6341324, 0, {}]
[{"0": [36, 29, 32, 33, 49, 38, 26, 37, 131, 52, 38, 33, 30, 45, 41, 41, 27, 37, 39, 44, 34, 33, 45, 35, 46, 36, 37, 29, 41, 48]}, null, null, 30000, false, [], false, 0, [], null, 0, 1602242483.9027035, 0, {}]
[{"0": [42, 44, 34, 41, 37, 38, 32, 35, 35, 39, 32, 37, 95, 47, 32, 44, 32, 57, 35, 42, 36, 39, 45, 35, 39, 35, 70, 36, 38, 39]}, null, null, 30400, false, [], false, 0, [], null, 0, 1602242541.0342531, 0, {}]
[{"0": [31, 34, 37, 37, 30, 35, 35, 40, 47, 43, 36, 42, 36, 29, 37, 33, 32, 41, 44, 37, 37, 46, 31, 24, 40, 28, 37, 36, 30, 46]}, null, null, 30800, false, [], false, 0, [], null, 0, 1602242636.9112277, 0, {}]
[{"0": [29, 38, 31, 37, 37, 50, 38, 37, 29, 48, 43, 29, 35, 38, 34, 36, 34, 38, 30, 29, 33, 32, 38, 31, 26, 28, 23, 55, 37, 31]}, null, null, 31200, false, [], false, 0, [], null, 0, 1602242706.0708869, 0, {}]
[{"0": [31, 42, 34, 43, 32, 24, 32, 35, 26, 45, 36, 33, 34, 34, 35, 37, 36, 38, 29, 25, 40, 36, 33, 29, 27, 31, 45, 38, 38, 40]}, null, null, 31600, false, [], false, 0, [], null, 0, 1602242766.1104956, 0, {}]
[{"0": [34, 36, 38, 39, 41, 40, 43, 44, 32, 35, 36, 29, 42, 33, 39, 46, 34, 27, 44, 38, 40, 42, 39, 34, 29, 30, 32, 49, 40, 40]}, null, null, 32000, false, [], false, 0, [], null, 0, 1602242853.2040453, 0, {}]
[{"0": [39, 30, 36, 26, 28, 34, 35, 29, 42, 42, 56, 39, 42, 31, 31, 33, 32, 37, 36, 40, 29, 31, 40, 43, 40, 38, 35, 33, 36, 30]}, null, null, 32400, false, [], false, 0, [], null, 0, 1602242902.857755, 0, {}]
[{"0": [43, 35, 31, 38, 44, 33, 29, 45, 40, 35, 28, 35, 45, 29, 41, 35, 28, 34, 37, 44, 33, 31, 47, 38, 33, 31, 36, 33, 28, 38]}, null, null, 32800, false, [], false, 0, [], null, 0, 1602242972.7258415, 0, {}]
[{"0": [45, 38, 36, 34, 39, 42, 32, 30, 30, 40, 35, 48, 41, 39, 66, 38, 39, 45, 40, 32, 42, 38, 41, 32, 44, 35, 49, 40, 31, 49]}, null, null, 33200, false, [], false, 0, [], null, 0, 1602243059.2563987, 0, {}]
[{"0": [40, 45, 39, 40, 31, 38, 75, 33, 36, 35, 31, 40, 44, 45, 52, 38, 41, 87, 32, 48, 40, 30, 39, 42, 58, 31, 38, 35, 32, 54]}, null, null, 33600, false, [], false, 0, [], null, 0, 1602243112.5829437, 0, {}]
[{"0": [45, 39, 32, 31, 39, 43, 31, 46, 37, 44, 42, 52, 51, 41, 35, 48, 50, 51, 58, 42, 39, 36, 35, 29, 68, 32, 46, 34, 41, 55]}, null, null, 34000, false, [], false, 0, [], null, 0, 1602243211.0969698, 0, {}]
[{"0": [35, 34, 34, 43, 45, 60, 49, 23, 30, 52, 36, 42, 35, 45, 48, 44, 39, 34, 36, 32, 26, 34, 40, 37, 36, 36, 43, 25, 61, 52]}, null, null, 34400, false, [], false, 0, [], null, 0, 1602243267.726051, 0, {}]
[{"0": [92, 42, 41, 27, 34, 34, 43, 42, 29, 63, 31, 58, 37, 50, 39, 39, 39, 25, 41, 28, 40, 54, 44, 43, 34, 39, 38, 35, 32, 38]}, null, null, 34800, false, [], false, 0, [], null, 0, 1602243341.8299344, 0, {}]
[{"0": [37, 43, 38, 21, 40, 36, 34, 36, 31, 27, 38, 45, 38, 42, 39, 46, 53, 56, 29, 33, 42, 54, 37, 33, 42, 37, 51, 46, 46, 51]}, null, null, 35200, false, [], false, 0, [], null, 0, 1602243426.2418787, 0, {}]
[{"0": [40, 56, 91, 39, 53, 35, 75, 54, 59, 43, 47, 41, 170, 43, 54, 40, 30, 58, 37, 44, 57, 46, 49, 50, 52, 610, 104, 88, 36, 40]}, null, null, 35600, false, [], false, 0, [], null, 0, 1602243492.2453005, 0, {}]
[{"0": [44, 30, 36, 31, 41, 34, 38, 33, 34, 38, 49, 33, 30, 36, 50, 39, 37, 33, 25, 36, 35, 42, 32, 28, 35, 32, 43, 25, 39, 31]}, null, null, 36000, false, [], false, 0, [], null, 0, 1602243618.775647, 0, {}]
[{"0": [42, 36, 48, 23, 32, 46, 57, 54, 59, 32, 43, 31, 72, 40, 55, 45, 38, 65, 26, 58, 34, 45, 42, 50, 29, 55, 304, 52, 111, 31]}, null, null, 36400, false, [], false, 0, [], null, 0, 1602243690.1388555, 0, {}]
[{"0": [43, 339, 44, 42, 54, 57, 385, 42, 387, 48, 44, 49, 38, 148, 41, 39, 69, 44, 67, 51, 48, 59, 46, 362, 46, 37, 29, 59, 40, 36]}, null, null, 36800, false, [], false, 0, [], null, 0, 1602243780.5588737, 0, {}]
[{"0": [34, 38, 49, 35, 46, 333, 34, 52, 36, 39, 29, 37, 35, 35, 20, 31, 34, 32, 42, 43, 46, 42, 41, 40, 35, 49, 40, 32, 34, 35]}, null, null, 37200, false, [], false, 0, [], null, 0, 1602243908.103227, 0, {}]
[{"0": [35, 48, 24, 44, 27, 36, 35, 36, 32, 29, 38, 28, 36, 34, 37, 30, 38, 47, 29, 33, 36, 40, 45, 38, 41, 40, 40, 28, 45, 41]}, null, null, 37600, false, [], false, 0, [], null, 0, 1602243990.3985837, 0, {}]
[{"0": [31, 29, 30, 36, 42, 28, 42, 43, 40, 38, 31, 31, 35, 34, 33, 38, 37, 37, 44, 57, 39, 42, 74, 58, 39, 44, 45, 50, 62, 59]}, null, null, 38000, false, [], false, 0, [], null, 0, 1602244061.8986034, 0, {}]
[{"0": [45, 25, 45, 28, 38, 47, 36, 36, 27, 68, 55, 49, 33, 43, 37, 36, 84, 40, 65, 147, 33, 68, 33, 35, 48, 45, 66, 32, 43, 64]}, null, null, 38400, false, [], false, 0, [], null, 0, 1602244127.0823169, 0, {}]
[{"0": [62, 31, 32, 59, 41, 72, 70, 34, 42, 44, 55, 41, 24, 51, 30, 31, 42, 34, 32, 43, 46, 36, 37, 42, 35, 32, 34, 41, 25, 31]}, null, null, 38800, false, [], false, 0, [], null, 0, 1602244220.5788224, 0, {}]
[{"0": [34, 25, 37, 50, 28, 42, 31, 39, 30, 38, 38, 28, 33, 31, 32, 36, 35, 31, 46, 39, 39, 36, 33, 46, 28, 32, 43, 38, 36, 48]}, null, null, 39200, false, [], false, 0, [], null, 0, 1602244287.8000262, 0, {}]
[{"0": [36, 32, 26, 45, 34, 29, 34, 30, 42, 35, 30, 34, 33, 26, 49, 41, 55, 42, 34, 20, 32, 32, 26, 29, 28, 32, 40, 34, 34, 37]}, null, null, 39600, false, [], false, 0, [], null, 0, 1602244358.2780523, 0, {}]
[{"0": [32, 32, 27, 43, 37, 35, 30, 32, 42, 38, 35, 41, 30, 34, 38, 34, 44, 33, 41, 31, 32, 51, 39, 36, 26, 46, 31, 43, 36, 40]}, null, null, 40000, true, [], false, 0, [], null, 0, 1602244421.7582285, 0, {}]
