[{"0": [39, 51, 30, 52, 35, 44, 35, 38, 34, 30, 33, 39, 37, 43, 32, 29, 29, 39, 32, 42, 35, 42, 33, 32, 37, 44, 27, 43, 34, 40]}, null, null, 22000, false, [], false, 0, [], null, 0, 1602244493.8249934, 0, {}]
[{"0": [36, 32, 37, 38, 40, 32, 34, 40, 31, 39, 37, 34, 31, 42, 23, 34, 36, 35, 27, 30, 44, 39, 35, 33, 30, 34, 39, 45, 31, 36]}, null, null, 22400, false, [], false, 0, [], null, 0, 1602244560.640725, 0, {}]
[{"0": [27, 30, 42, 34, 31, 31, 36, 32, 38, 42, 42, 42, 53, 37, 28, 28, 40, 29, 22, 31, 34, 26, 50, 39, 37, 48, 36, 40, 32, 33]}, null, null, 22800, false, [], false, 0, [], null, 0, 1602244624.382511, 0, {}]
[{"0": [36, 29, 33, 32, 34, 48, 31, 44, 36, 29, 34, 22, 37, 29, 33, 29, 27, 29, 39, 24, 41, 35, 44, 29, 32, 49, 45, 41, 34, 33]}, null, null, 23200, false, [], false, 0, [], null, 0, 1602244692.1137938, 0, {}]
[{"0": [44, 28, 36, 32, 39, 33, 44, 27, 36, 42, 30, 33, 43, 42, 26, 33, 26, 31, 40, 36, 27, 29, 48, 24, 41, 36, 33, 29, 33, 30]}, null, null, 23600, false, [], false, 0, [], null, 0, 1602244756.9428937, 0, {}]
[{"0": [45, 40, 39, 35, 43, 31, 35, 32, 36, 32, 48, 33, 28, 40, 40, 39, 32, 22, 52, 31, 37, 31, 35, 36, 24, 33, 40, 25, 30, 36]}, null, null, 24000, false, [], false, 0, [], null, 0, 1602244820.5282907, 0, {}]
[{"0": [36, 40, 34, 34, 39, 32, 32, 29, 35, 29, 37, 28, 36, 31, 30, 37, 32, 37, 32, 28, 37, 32, 40, 37, 40, 41, 31, 33, 35, 34]}, null, null, 24400, false, [], false, 0, [], null, 0, 1602244887.1229646, 0, {}]
[{"0": [28, 35, 29, 28, 44, 32, 41, 28, 31, 33, 43, 34, 28, 35, 40, 36, 36, 28, 27, 36, 41, 44, 37, 40, 38, 51, 31, 32, 42, 36]}, null, null, 24800, false, [], false, 0, [], null, 0, 1602244955.1130087, 0, {}]
[{"0": [39, 33, 40, 37, 32, 46, 32, 45, 29, 33, 35, 33, 31, 36, 32, 36, 45, 41, 33, 49, 35, 36, 28, 34, 51, 33, 28, 36, 44, 47]}, null, null, 25200, false, [], false, 0, [], null, 0, 1602245019.719934, 0, {}]
[{"0": [31, 37, 47, 31, 28, 42, 35, 35, 33, 28, 36, 32, 34, 38, 40, 30, 31, 31, 25, 36, 43, 32, 30, 44, 29, 37, 28, 44, 43, 28]}, null, null, 25600, false, [], false, 0, [], null, 0, 1602245082.962292, 0, {}]
[{"0": [37, 42, 49, 30, 34, 31, 37, 29, 37, 30, 47, 65, 41, 43, 54, 30, 29, 43, 48, 26, 42, 37, 44, 35, 30, 34, 40, 33, 39, 48]}, null, null, 26000, false, [], false, 0, [], null, 0, 1602245147.5201547, 0, {}]
[{"0": [37, 48, 30, 35, 35, 52, 32, 29, 36, 29, 33, 35, 35, 40, 39, 30, 31, 35, 38, 32, 34, 42, 47, 49, 33, 34, 40, 28, 29, 41]}, null, null, 26400, false, [], false, 0, [], null, 0, 1602245216.2989156, 0, {}]
[{"0": [40, 32, 37, 35, 45, 39, 41, 34, 40, 39, 35, 33, 39, 36, 32, 36, 39, 27, 45, 27, 33, 36, 42, 38, 36, 34, 34, 37, 44, 46]}, null, null, 26800, false, [], false, 0, [], null, 0, 1602245282.4939678, 0, {}]
[{"0": [42, 31, 34, 35, 50, 30, 34, 42, 40, 31, 39, 37, 37, 42, 29, 39, 22, 31, 40, 50, 37, 29, 37, 31, 43, 31, 33, 42, 32, 33]}, null, null, 27200, false, [], false, 0, [], null, 0, 1602245348.6069138, 0, {}]
[{"0": [38, 34, 34, 41, 39, 30, 42, 43, 43, 31, 44, 29, 36, 29, 28, 31, 34, 41, 37, 35, 42, 24, 41, 41, 38, 36, 38, 37, 30, 32]}, null, null, 27600, false, [], false, 0, [], null, 0, 1602245411.0211298, 0, {}]
[{"0": [42, 32, 38, 33, 33, 39, 33, 34, 45, 49, 46, 27, 33, 25, 51, 40, 51, 47, 34, 24, 35, 31, 46, 30, 39, 41, 40, 39, 29, 34]}, null, null, 28000, false, [], false, 0, [], null, 0, 1602245477.831128, 0, {}]
[{"0": [42, 76, 33, 30, 44, 32, 40, 28, 28, 36, 33, 32, 43, 42, 34, 31, 32, 41, 29, 40, 30, 33, 37, 28, 39, 46, 36, 25, 42, 36]}, null, null, 28400, false, [], false, 0, [], null, 0, 1602245549.8777769, 0, {}]
[{"0": [36, 33, 33, 35, 36, 39, 29, 37, 36, 33, 32, 37, 29, 41, 33, 42, 36, 45, 37, 30, 30, 32, 49, 46, 32, 48, 47, 43, 33, 30]}, null, null, 28800, false, [], false, 0, [], null, 0, 1602245611.9219282, 0, {}]
[{"0": [35, 34, 38, 33, 52, 27, 44, 33, 49, 37, 35, 36, 41, 27, 42, 45, 32, 41, 33, 39, 27, 37, 34, 34, 29, 25, 32, 24, 31, 38]}, null, null, 29200, false, [], false, 0, [], null, 0, 1602245679.5727062, 0, {}]
[{"0": [38, 28, 36, 49, 32, 32, 36, 45, 30, 37, 44, 20, 41, 40, 34, 30, 27, 31, 39, 43, 45, 40, 30, 37, 34, 32, 30, 37, 40, 25]}, null, null, 29600, false, [], false, 0, [], null, 0, 1602245751.605852, 0, {}]
[{"0": [30, 40, 39, 28, 26, 40, 23, 41, 39, 34, 37, 35, 34, 41, 33, 34, 33, 38, 25, 30, 41, 30, 47, 35, 30, 34, 34, 32, 37, 23]}, null, null, 30000, false, [], false, 0, [], null, 0, 1602245854.6439273, 0, {}]
[{"0": [42, 37, 38, 40, 32, 36, 34, 32, 34, 36, 33, 37, 40, 31, 36, 39, 27, 36, 38, 34, 43, 31, 41, 29, 32, 38, 32, 31, 29, 35]}, null, null, 30400, false, [], false, 0, [], null, 0, 1602245947.4209034, 0, {}]
[{"0": [36, 35, 42, 30, 39, 36, 36, 30, 28, 36, 43, 35, 45, 28, 38, 47, 30, 40, 30, 31, 38, 39, 38, 42, 34, 92, 27, 34, 47, 27]}, null, null, 30800, false, [], false, 0, [], null, 0, 1602246001.1560473, 0, {}]
[{"0": [43, 58, 26, 46, 29, 31, 31, 39, 49, 28, 35, 29, 51, 31, 41, 34, 43, 30, 45, 32, 35, 35, 34, 39, 30, 35, 31, 39, 34, 28]}, null, null, 31200, false, [], false, 0, [], null, 0, 1602246096.9103317, 0, {}]
[{"0": [35, 26, 37, 37, 27, 33, 35, 45, 36, 36, 31, 34, 44, 41, 37, 47, 27, 39, 43, 38, 46, 41, 31, 42, 28, 30, 28, 31, 42, 30]}, null, null, 31600, false, [], false, 0, [], null, 0, 1602246158.6002512, 0, {}]
[{"0": [40, 38, 44, 57, 59, 35, 29, 32, 30, 34, 37, 38, 34, 26, 29, 44, 34, 50, 29, 38, 36, 34, 36, 46, 41, 42, 36, 43, 32, 34]}, null, null, 32000, false, [], false, 0, [], null, 0, 1602246227.3845766, 0, {}]
[{"0": [34, 32, 30, 39, 32, 29, 39, 40, 40, 31, 36, 49, 29, 31, 36, 37, 32, 36, 33, 39, 44, 59, 33, 32, 37, 25, 34, 46, 30, 27]}, null, null, 32400, false, [], false, 0, [], null, 0, 1602246296.1787493, 0, {}]
[{"0": [28, 1120, 34, 36, 44, 25, 17, 38, 79, 45, 42, 47, 44, 26, 58, 36, 32, 42, 43, 38, 27, 34, 33, 30, 39, 34, 31, 44, 37, 38]}, null, null, 32800, false, [], false, 0, [], null, 0, 1602246365.8900955, 0, {}]
[{"0": [36, 55, 72, 44, 37, 35, 82, 40, 57, 48, 120, 40, 95, 33, 45, 47, 54, 37, 46, 40, 40, 39, 32, 30, 38, 46, 34, 34, 38, 52]}, null, null, 33200, false, [], false, 0, [], null, 0, 1602246448.3287644, 0, {}]
[{"0": [53, 64, 42, 53, 33, 37, 38, 39, 35, 39, 31, 29, 53, 42, 25, 43, 24, 36, 33, 33, 50, 29, 74, 34, 29, 50, 48, 39, 30, 40]}, null, null, 33600, false, [], false, 0, [], null, 0, 1602246553.902156, 0, {}]
[{"0": [33, 53, 35, 48, 51, 45, 32, 35, 44, 44, 34, 34, 38, 30, 45, 49, 40, 42, 45, 37, 39, 49, 42, 54, 37, 36, 46, 47, 34, 31]}, null, null, 34000, false, [], false, 0, [], null, 0, 1602246618.1668944, 0, {}]
[{"0": [27, 43, 30, 30, 36, 26, 59, 47, 38, 37, 33, 40, 39, 23, 40, 33, 45, 45, 38, 51, 28, 48, 46, 44, 45, 27, 31, 38, 36, 30]}, null, null, 34400, false, [], false, 0, [], null, 0, 1602246687.27734, 0, {}]
[{"0": [36, 38, 27, 38, 38, 31, 39, 37, 56, 49, 134, 216, 55, 43, 32, 68, 35, 39, 41, 34, 46, 38, 48, 46, 46, 101, 36, 85, 46, 41]}, null, null, 34800, false, [], false, 0, [], null, 0, 1602246758.3221688, 0, {}]
[{"0": [42, 32, 33, 29, 47, 32, 42, 37, 31, 38, 37, 66, 38, 33, 34, 36, 29, 46, 34, 33, 37, 29, 36, 35, 40, 44, 29, 47, 47, 35]}, null, null, 35200, false, [], false, 0, [], null, 0, 1602246871.6954625, 0, {}]
[{"0": [44, 39, 46, 48, 27, 29, 29, 93, 34, 58, 56, 41, 35, 46, 32, 38, 47, 37, 42, 37, 35, 45, 22, 23, 41, 29, 41, 36, 37, 40]}, null, null, 35600, false, [], false, 0, [], null, 0, 1602246935.9211278, 0, {}]
[{"0": [34, 41, 50, 28, 37, 41, 38, 43, 53, 41, 30, 34, 22, 42, 37, 40, 40, 31, 37, 46, 45, 32, 43, 30, 30, 36, 40, 35, 29, 30]}, null, null, 36000, false, [], false, 0, [], null, 0, 1602247014.4723988, 0, {}]
[{"0": [31, 35, 42, 41, 32, 41, 34, 43, 36, 44, 34, 48, 20, 38, 33, 40, 27, 34, 32, 64, 399, 43, 63, 122, 29, 50, 48, 36, 43, 35]}, null, null, 36400, false, [], false, 0, [], null, 0, 1602247089.8604462, 0, {}]
[{"0": [46, 37, 47, 46, 51, 53, 34, 54, 36, 36, 42, 37, 52, 41, 43, 36, 28, 39, 33, 33, 26, 34, 36, 48, 47, 63, 57, 32, 31, 38]}, null, null, 36800, false, [], false, 0, [], null, 0, 1602247169.7084553, 0, {}]
[{"0": [83, 40, 43, 75, 38, 28, 32, 30, 40, 36, 37, 40, 42, 39, 25, 49, 51, 33, 29, 36, 40, 38, 45, 37, 42, 38, 31, 33, 46, 35]}, null, null, 37200, false, [], false, 0, [], null, 0, 1602247256.357919, 0, {}]
[{"0": [32, 38, 37, 36, 32, 47, 35, 28, 37, 44, 29, 34, 41, 30, 36, 63, 65, 38, 38, 29, 44, 33, 34, 29, 40, 35, 35, 29, 30, 38]}, null, null, 37600, false, [], false, 0, [], null, 0, 1602247314.2231598, 0, {}]
[{"0": [36, 42, 42, 39, 33, 37, 38, 39, 43, 51, 42, 30, 32, 39, 41, 25, 26, 35, 32, 40, 31, 31, 43, 39, 43, 43, 42, 46, 43, 32]}, null, null, 38000, false, [], false, 0, [], null, 0, 1602247389.5219474, 0, {}]
[{"0": [56, 40, 40, 41, 41, 44, 26, 37, 46, 40, 35, 33, 42, 45, 39, 26, 35, 32, 34, 39, 35, 54, 29, 39, 50, 42, 48, 35, 63, 38]}, null, null, 38400, false, [], false, 0, [], null, 0, 1602247471.1502998, 0, {}]
[{"0": [40, 28, 42, 42, 32, 29, 33, 30, 29, 44, 36, 46, 39, 28, 38, 28, 38, 34, 40, 30, 31, 28, 41, 40, 35, 35, 38, 33, 45, 36]}, null, null, 38800, false, [], false, 0, [], null, 0, 1602247525.4871087, 0, {}]
[{"0": [31, 35, 64, 35, 31, 53, 38, 42, 47, 32, 31, 36, 37, 36, 41, 42, 38, 31, 42, 37, 37, 31, 25, 46, 37, 34, 36, 41, 44, 39]}, null, null, 39200, false, [], false, 0, [], null, 0, 1602247606.2590594, 0, {}]
[{"0": [32, 29, 34, 38, 46, 46, 44, 37, 44, 33, 45, 31, 31, 36, 45, 52, 34, 35, 27, 33, 38, 34, 48, 33, 27, 31, 28, 41, 41, 40]}, null, null, 39600, false, [], false, 0, [], null, 0, 1602247667.4917278, 0, {}]
[{"0": [38, 25, 44, 33, 38, 32, 19, 23, 41, 28, 28, 41, 52, 32, 42, 37, 38, 32, 47, 33, 45, 32, 34, 43, 37, 27, 45, 48, 34, 43]}, null, null, 40000, true, [], false, 0, [], null, 0, 1602247739.7201824, 0, {}]
