x0000	y0000
1581546865	2115
1581546875	2043
1581546885	2076
1581546895	2083
1581546905	2080
1581546915	2370
1581546925	2238
1581546935	2231
1581546945	2358
1581546955	2372
1581546965	2210
1581546975	2304
1581546985	2159
1581546995	2255
1581547005	2192
1581547015	2239
1581547025	2170
1581547035	2242
1581547045	3098
1581547055	4116
1581547065	4441
1581547075	5040
1581547085	5539
1581547095	5487
1581547105	5430
1581547115	4808
1581547125	4718
1581547135	5405
1581547145	6083
1581547155	6277
1581547165	6136
1581547175	5483
1581547185	5177
1581547195	4916
1581547205	4602
1581547215	4874
1581547225	4730
1581547235	4509
1581547245	4450
1581547255	4342
1581547265	4086
1581547275	4708
1581547285	5014
1581547295	5128
1581547305	5137
1581547315	5167
1581547325	5098
1581547335	5153
1581547345	4795
1581547355	4370
1581547365	3986
1581547375	3760
1581547385	3937
1581547395	3891
1581547405	4544
1581547415	5112
1581547425	5127
1581547435	5119
1581547445	5429
1581547455	5375
1581547465	4899
1581547475	5043
1581547485	5730
1581547495	5909
1581547505	5828
1581547515	5964
1581547525	5823
1581547535	5415
1581547545	5420
1581547555	5564
1581547565	5618
1581547575	5195
1581547585	5359
1581547595	5418
1581547605	5339
1581547615	5372
1581547625	5233
1581547635	4968
1581547645	4811
1581547655	4903
1581547665	5453
1581547675	5242
1581547685	5056
1581547695	5006
1581547705	4891
1581547715	5250
1581547725	5194
1581547735	5160
1581547745	5386
1581547755	5923
1581547765	5892
1581547775	5871
1581547785	5691
1581547795	5639
1581547805	5642
1581547815	5600
1581547825	5527
1581547835	5481
1581547845	5369
1581547855	5446
1581547865	5395
1581547875	5162
1581547885	5320
1581547895	5522
1581547905	5448
1581547915	5133
1581547925	5542
1581547935	5931
1581547945	5944
1581547955	5833
1581547965	5662
1581547975	5297
1581547985	5268
1581547995	5343
1581548005	6084
1581548015	6327
1581548025	5920
1581548035	5778
1581548045	5623
1581548055	5765
1581548065	5724
1581548075	5679
1581548085	5797
1581548095	5993
1581548105	5929
1581548115	5929
1581548125	5655
1581548135	5561
1581548145	5717
1581548155	5918
1581548165	5833
1581548175	5923
1581548185	5994
1581548195	5952
1581548205	5960
1581548215	5895
1581548225	5829
1581548235	6042
1581548245	5824
1581548255	6019
1581548265	5956
1581548275	5610
1581548285	5477
1581548295	5603
1581548305	5627
1581548315	5726
1581548325	5628
1581548335	5507
1581548345	5738
1581548355	5743
1581548365	5722
1581548375	5423
1581548385	5420
1581548395	5372
1581548405	5326
1581548415	5294
1581548425	5423
1581548435	5073
1581548445	4858
1581548455	4663
1581548465	4769
1581548475	4833
1581548485	4819
1581548495	4993
1581548505	5218
1581548515	5274
1581548525	5414
1581548535	5307
1581548545	5314
1581548555	5137
1581548565	5017
1581548575	4954
1581548585	4794
1581548595	4894
1581548605	4733
1581548615	4285
1581548625	4458
1581548635	4179
1581548645	4079
1581548655	3741
1581548665	3478
1581548675	3381
1581548685	3320
1581548695	3429
1581548705	3473
1581548715	3674
1581548725	3627
1581548735	3746
1581548745	3635
1581548755	3581
1581548765	3503
1581548775	3585
1581548785	3749
1581548795	3551
1581548805	3612
1581548815	3854
1581548825	3959
1581548835	4096
1581548845	4104
1581548855	4123
1581548865	4123
1581548875	4081
1581548885	4123
1581548895	3987
1581548905	3935
1581548915	3783
1581548925	4109
1581548935	3770
1581548945	3919
1581548955	3994
1581548965	3987
1581548975	3887
1581548985	3682
1581548995	3676
1581549005	3803
1581549015	3941
1581549025	3764
1581549035	3735
1581549045	3743
1581549055	3676
1581549065	3479
1581549075	3679
1581549085	3611
1581549095	3782
1581549105	3691
1581549115	3445
1581549125	3533
1581549135	3669
1581549145	3754
1581549155	3717
1581549165	3628
1581549175	3467
1581549185	3301
1581549195	3318
1581549205	3422
1581549215	3467
1581549225	3633
1581549235	3837
1581549245	3647
1581549255	3612
1581549265	3766
1581549275	3646
1581549285	3540
1581549295	3391
1581549305	3478
1581549315	3593
1581549325	3537
1581549335	3580
1581549345	3565
1581549355	3584
1581549365	3631
1581549375	3461
1581549385	3466
1581549395	3524
1581549405	3642
1581549415	3270
1581549425	3401
1581549435	3313
1581549445	3240
1581549455	3407
1581549465	3469
1581549475	3482
1581549485	3400
1581549495	3284
1581549505	3131
1581549515	3176
1581549525	3185
1581549535	3179
1581549545	3379
1581549555	3458
1581549565	3481
1581549575	3262
1581549585	3549
1581549595	3478
1581549605	3257
1581549615	3143
1581549625	3217
1581549635	3210
1581549645	3262
1581549655	3375
1581549665	3626
1581549675	3411
1581549685	3393
1581549695	3425
1581549705	3442
1581549715	3391
1581549725	3402
1581549735	3339
1581549745	3367
1581549755	3305
1581549765	3355
1581549775	3339
1581549785	3320
1581549795	3377
1581549805	3274
1581549815	3168
1581549825	3134
1581549835	2984
1581549845	3166
1581549855	3221
1581549865	3139
1581549875	3247
1581549885	3307
1581549895	3237
1581549905	3290
1581549915	3152
1581549925	3051
1581549935	3043
1581549945	3104
1581549955	3125
1581549965	3041
1581549975	3169
1581549985	3194
1581549995	3231
1581550005	3149
1581550015	3091
1581550025	3007
1581550035	3189
1581550045	3010
1581550055	3212
1581550065	3132
1581550075	2954
1581550085	3039
1581550095	3154
1581550105	3287
1581550115	3271
1581550125	3157
1581550135	3222
1581550145	3183
1581550155	3200
1581550165	3198
1581550175	3142
1581550185	3269
1581550195	3260
1581550205	3293
1581550215	3121
1581550225	3265
1581550235	3386
1581550245	3289
1581550255	3295
1581550265	3468
1581550275	3537
1581550285	3392
1581550295	3298
1581550305	3192
1581550315	3272
1581550325	3482
1581550335	3424
1581550345	3370
1581550355	3495
1581550365	3339
1581550375	3192
1581550385	3207
1581550395	3224
1581550405	3282
1581550415	3131
1581550425	3313
1581550435	3249
1581550445	3118
1581550455	3109
1581550465	3300
1581550475	3152
1581550485	2942
1581550495	2879
1581550505	3050
1581550515	3001
1581550525	3066
1581550535	3146
1581550545	3144
1581550555	3101
1581550565	3226
1581550575	3112
1581550585	2922
1581550595	3097
1581550605	2962
1581550615	2983
1581550625	2899
1581550635	2806
1581550645	2884
1581550655	3100
1581550665	3110
1581550675	3004
1581550685	3184
1581550695	3106
1581550705	3082
1581550715	3113
1581550725	3113
1581550735	3033
1581550745	3173
1581550755	3079
1581550765	2940
1581550775	3035
1581550785	3020
1581550795	3053
1581550805	3030
1581550815	2938
1581550825	3039
1581550835	3009
1581550845	2978
1581550855	2937
1581550865	2858
1581550875	2878
1581550885	2796
1581550895	2922
1581550905	2860
1581550915	2771
1581550925	2965
1581550935	2933
1581550945	2999
1581550955	2840
1581550965	3131
1581550975	2909
1581550985	2931
1581550995	2990
1581551005	2992
1581551015	2942
1581551025	2920
1581551035	2894
1581551045	2905
1581551055	2968
1581551065	2897
1581551075	2925
1581551085	2881
1581551095	2883
1581551105	2976
1581551115	2998
1581551125	3021
1581551135	2884
1581551145	2707
1581551155	2831
1581551165	2762
1581551175	2737
1581551185	2852
1581551195	2783
1581551205	2844
1581551215	2889
1581551225	2908
1581551235	2828
1581551245	2797
1581551255	2994
1581551265	2950
1581551275	2816
1581551285	2710
1581551295	2755
1581551305	2863
1581551315	2990
1581551325	2843
1581551335	2880
1581551345	2785
1581551355	2800
1581551365	2749
1581551375	2757
1581551385	2819
1581551395	2678
1581551405	2740
1581551415	2724
1581551425	2820
1581551435	2809
1581551445	2693
1581551455	2765
1581551465	2852
1581551475	2834
1581551485	2938
1581551495	2914
1581551505	2815
1581551515	2931
1581551525	2795
1581551535	2773
1581551545	2675
1581551555	2735
1581551565	2762
1581551575	2826
1581551585	2845
1581551595	2889
1581551605	2844
1581551615	2740
1581551625	2794
1581551635	2793
1581551645	2655
1581551655	2711
1581551665	2660
1581551675	2522
1581551685	2660
1581551695	2578
1581551705	2683
1581551715	2618
1581551725	2685
1581551735	2648
1581551745	2598
1581551755	2616
1581551765	2627
1581551775	2645
1581551785	2687
1581551795	2690
1581551805	2700
1581551815	2718
1581551825	2646
1581551835	2737
1581551845	2621
1581551855	2581
1581551865	2589
1581551875	2668
1581551885	2626
1581551895	2716
1581551905	2714
1581551915	2627
1581551925	2615
1581551935	2702
1581551945	2541
1581551955	2630
1581551965	2660
1581551975	2646
1581551985	2585
1581551995	2638
1581552005	2536
1581552015	2558
1581552025	2669
1581552035	2606
1581552045	2633
1581552055	2600
1581552065	2570
1581552075	2652
1581552085	2703
1581552095	2568
1581552105	2672
1581552115	2484
1581552125	2530
1581552135	2640
1581552145	2433
1581552155	2525
1581552165	2468
1581552175	2444
1581552185	2531
1581552195	2467
1581552205	2468
1581552215	2554
1581552225	2691
1581552235	2562
1581552245	2512
1581552255	2453
1581552265	2523
1581552275	2608
1581552285	2605
1581552295	2550
1581552305	2516
1581552315	2618
1581552325	2697
1581552335	2608
1581552345	2592
1581552355	2573
1581552365	2549
1581552375	2524
1581552385	2614
1581552395	2518
1581552405	2569
1581552415	2482
1581552425	2452
1581552435	2457
1581552445	2313
1581552455	2517
1581552465	2496
1581552475	2513
1581552485	2585
1581552495	2523
1581552505	2476
1581552515	2483
1581552525	2484
1581552535	2469
1581552545	2558
1581552555	2449
1581552565	2488
1581552575	2487
1581552585	2469
1581552595	2463
1581552605	2481
1581552615	2470
1581552625	2490
1581552635	2487
1581552645	2623
1581552655	2532
1581552665	2534
1581552675	2543
1581552685	2526
1581552695	2523
1581552705	2491
1581552715	2501
1581552725	2604
1581552735	2564
1581552745	2569
1581552755	2490
1581552765	2439
1581552775	2568
1581552785	2449
1581552795	2548
1581552805	2571
1581552815	2469
1581552825	2397
1581552835	2513
1581552845	2303
1581552855	2582
1581552865	2557
1581552875	2488
1581552885	2572
1581552895	2453
1581552905	2455
1581552915	2381
1581552925	2390
1581552935	2379
1581552945	2521
1581552955	2386
1581552965	2429
1581552975	2483
1581552985	2451
1581552995	2553
1581553005	2477
1581553015	2560
1581553025	2518
1581553035	2346
1581553045	2453
1581553055	2453
1581553065	2493
1581553075	2542
1581553085	2465
1581553095	2433
1581553105	2470
1581553115	2404
1581553125	2423
1581553135	2489
1581553145	2418
1581553155	2453
1581553165	2436
1581553175	2492
1581553185	2474
1581553195	2312
1581553205	2392
1581553215	2378
1581553225	2382
1581553235	2490
1581553245	2396
1581553255	2419
1581553265	2465
1581553275	2475
1581553285	2454
1581553295	2425
1581553305	2354
1581553315	2432
1581553325	2569
1581553335	2428
1581553345	2395
1581553355	2464
1581553365	2436
1581553375	2509
1581553385	2514
1581553395	2364
1581553405	2405
1581553415	2401
1581553425	2412
1581553435	2491
1581553445	2435
1581553455	2332
1581553465	2382
1581553475	2437
1581553485	2377
1581553495	2420
1581553505	2476
1581553515	2508
1581553525	2602
1581553535	2456
1581553545	2388
1581553555	2440
1581553565	2447
1581553575	2461
1581553585	2367
1581553595	2486
1581553605	2462
1581553615	2396
1581553625	2465
1581553635	2449
1581553645	2433
1581553655	2481
1581553665	2509
1581553675	2432
1581553685	2380
1581553695	2443
1581553705	2458
1581553715	2423
1581553725	2403
1581553735	2440
1581553745	2415
1581553755	2521
1581553765	2485
1581553775	2516
1581553785	2444
1581553795	2429
1581553805	2338
1581553815	2332
1581553825	2503
1581553835	2425
1581553845	2417
1581553855	2372
1581553865	2550
1581553875	2481
1581553885	2485
1581553895	2441
1581553905	2310
1581553915	2271
1581553925	2318
1581553935	2350
1581553945	2387
1581553955	2405
1581553965	2430
1581553975	2528
1581553985	2464
1581553995	2464
1581554005	2516
1581554015	2488
1581554025	2444
1581554035	2477
1581554045	2393
1581554055	2459
1581554065	2487
1581554075	2405
1581554085	2463
1581554095	2479
1581554105	2416
1581554115	2354
1581554125	2328
1581554135	2366
1581554145	2366
1581554155	2385
1581554165	2391
1581554175	2354
1581554185	2354
1581554195	2372
1581554205	2408
1581554215	2395
1581554225	2286
1581554235	2359
1581554245	2429
1581554255	2316
1581554265	2454
1581554275	2418
1581554285	2437
1581554295	2417
1581554305	2434
1581554315	2409
1581554325	2519
1581554335	2337
1581554345	2443
1581554355	2427
1581554365	2411
1581554375	2413
1581554385	2358
1581554395	2424
1581554405	2478
1581554415	2337
1581554425	2587
1581554435	2444
1581554445	2357
1581554455	2487
1581554465	2344
1581554475	2414
1581554485	2275
1581554495	2351
1581554505	2381
1581554515	2318
1581554525	2303
1581554535	2337
1581554545	2302
1581554555	2328
1581554565	2415
1581554575	2419
1581554585	2398
1581554595	2344
1581554605	2431
1581554615	2429
1581554625	2384
1581554635	2374
1581554645	2365
1581554655	2375
1581554665	2465
1581554675	2441
1581554685	2391
1581554695	2495
1581554705	2408
1581554715	2374
1581554725	2322
1581554735	2432
1581554745	2396
1581554755	2319
1581554765	2346
1581554775	2308
1581554785	2416
1581554795	2316
1581554805	2359
1581554815	2461
1581554825	2430
1581554835	2447
1581554845	2400
1581554855	2320
1581554865	2377
1581554875	2437
1581554885	2374
1581554895	2484
1581554905	2467
1581554915	2396
1581554925	2389
1581554935	2289
1581554945	2348
1581554955	2299
1581554965	2307
1581554975	2297
1581554985	2243
1581554995	2336
1581555005	2338
1581555015	2414
1581555025	2402
1581555035	2408
1581555045	2247
1581555055	2322
1581555065	2300
1581555075	2245
1581555085	2261
1581555095	2376
1581555105	2433
1581555115	2385
1581555125	2332
1581555135	2413
1581555145	2330
1581555155	2317
1581555165	2303
1581555175	2312
1581555185	2249
1581555195	2338
1581555205	2282
1581555215	2363
1581555225	2283
1581555235	2391
1581555245	2398
1581555255	2461
1581555265	2508
1581555275	2413
1581555285	2386
1581555295	2438
1581555305	2388
1581555315	2321
1581555325	2450
1581555335	2363
1581555345	2391
1581555355	2483
1581555365	2361
1581555375	2433
1581555385	2339
1581555395	2415
1581555405	2442
1581555415	2364
1581555425	2335
1581555435	2370
1581555445	2265
1581555455	2358
1581555465	2328
1581555475	2378
1581555485	2332
1581555495	2408
1581555505	2448
1581555515	2426
1581555525	2417
1581555535	2445
1581555545	2322
1581555555	2294
1581555565	2343
1581555575	2313
1581555585	2315
1581555595	2383
1581555605	2318
1581555615	2364
1581555625	2374
1581555635	2481
1581555645	2481
1581555655	2410
1581555665	2449
1581555675	2412
1581555685	2413
1581555695	2407
1581555705	2346
1581555715	2387
1581555725	2453
1581555735	2330
1581555745	2350
1581555755	2281
1581555765	2302
1581555775	2359
1581555785	2392
1581555795	2386
1581555805	2364
1581555815	2362
1581555825	2418
1581555835	2319
1581555845	2440
1581555855	2515
1581555865	2378
1581555875	2379
1581555885	2446
1581555895	2403
1581555905	2494
1581555915	2472
1581555925	2430
1581555935	2367
1581555945	2340
1581555955	2343
1581555965	2369
1581555975	2359
1581555985	2273
1581555995	2281
1581556005	2412
1581556015	2494
1581556025	2573
1581556035	2415
1581556045	2398
1581556055	2346
1581556065	2443
1581556075	2365
1581556085	2411
1581556095	2367
1581556105	2475
1581556115	2433
1581556125	2481
1581556135	2451
1581556145	2450
1581556155	2382
1581556165	2472
1581556175	2428
1581556185	2257
1581556195	2339
1581556205	2380
1581556215	2395
1581556225	2453
1581556235	2401
1581556245	2485
1581556255	2426
1581556265	2388
1581556275	2291
1581556285	2459
1581556295	2428
1581556305	2460
1581556315	2447
1581556325	2395
1581556335	2470
1581556345	2317
1581556355	2383
1581556365	2459
1581556375	2390
1581556385	2491
1581556395	2515
1581556405	2441
1581556415	2449
1581556425	2417
1581556435	2417
1581556445	2350
1581556455	2485
1581556465	2475
1581556475	2400
1581556485	2514
1581556495	2386
1581556505	2366
1581556515	2449
1581556525	2415
1581556535	2348
1581556545	2441
1581556555	2339
1581556565	2508
1581556575	2411
1581556585	2419
1581556595	2460
1581556605	2431
1581556615	2553
1581556625	2401
1581556635	2452
1581556645	2418
1581556655	2350
1581556665	2427
1581556675	2401
1581556685	2361
1581556695	2518
1581556705	2305
1581556715	2398
1581556725	2370
1581556735	2439
1581556745	2389
1581556755	2477
1581556765	2499
1581556775	2438
1581556785	2422
1581556795	2363
1581556805	2441
1581556815	2432
1581556825	2463
1581556835	2462
1581556845	2481
1581556855	2398
1581556865	2417
1581556875	2446
1581556885	2556
1581556895	2482
1581556905	2444
1581556915	2472
1581556925	2453
1581556935	2449
1581556945	2474
1581556955	2421
1581556965	2483
1581556975	2470
1581556985	2524
1581556995	2452
1581557005	2397
1581557015	2538
1581557025	2352
1581557035	2453
1581557045	2453
1581557055	2539
1581557065	2402
1581557075	2439
1581557085	2327
1581557095	2484
1581557105	2403
1581557115	2377
1581557125	2449
1581557135	2338
1581557145	2431
1581557155	2512
1581557165	2530
1581557175	2445
1581557185	2391
1581557195	2465
1581557205	2459
1581557215	2459
1581557225	2469
1581557235	2438
1581557245	2428
1581557255	2446
1581557265	2471
1581557275	2454
1581557285	2430
1581557295	2483
1581557305	2398
1581557315	2386
1581557325	2444
1581557335	2520
1581557345	2472
1581557355	2414
1581557365	2469
1581557375	2423
1581557385	2471
1581557395	2500
1581557405	2495
1581557415	2486
1581557425	2450
1581557435	2488
1581557445	2563
1581557455	2523
1581557465	2455
1581557475	2430
1581557485	2350
1581557495	2316
1581557505	2336
1581557515	2373
1581557525	2354
1581557535	2255
1581557545	2450
1581557555	2367
1581557565	2313
1581557575	2332
1581557585	2401
1581557595	2498
1581557605	2412
1581557615	2381
1581557625	2327
1581557635	2357
1581557645	2412
1581557655	2390
1581557665	2543
1581557675	2360
1581557685	2401
1581557695	2376
1581557705	2318
1581557715	2364
1581557725	2442
1581557735	2379
1581557745	2444
1581557755	2503
1581557765	2405
1581557775	2377
1581557785	2314
1581557795	2366
1581557805	2367
1581557815	2336
1581557825	2374
1581557835	2402
1581557845	2389
1581557855	2461
1581557865	2372
1581557875	2377
1581557885	2419
1581557895	2510
1581557905	2389
1581557915	2491
1581557925	2492
1581557935	2457
1581557945	2390
1581557955	2418
1581557965	2478
1581557975	2368
1581557985	2432
1581557995	2423
1581558005	2349
1581558015	2540
1581558025	2472
1581558035	2466
1581558045	2434
1581558055	2461
1581558065	2381
1581558075	2508
1581558085	2516
1581558095	2341
1581558105	2469
1581558115	2332
1581558125	2456
1581558135	2467
1581558145	2454
1581558155	2465
1581558165	2356
1581558175	2405
1581558185	2563
1581558195	2480
1581558205	2423
1581558215	2406
1581558225	2513
1581558235	2444
1581558245	2473
1581558255	2479
1581558265	2490
1581558275	2409
1581558285	2455
1581558295	2401
1581558305	2402
1581558315	2392
1581558325	2446
1581558335	2421
1581558345	2554
1581558355	2435
1581558365	2487
1581558375	2383
1581558385	2476
1581558395	2417
1581558405	2465
1581558415	2391
1581558425	2504
1581558435	2377
1581558445	2487
1581558455	2364
1581558465	2415
1581558475	2378
1581558485	2433
1581558495	2411
1581558505	2394
1581558515	2437
1581558525	2482
1581558535	2428
1581558545	2353
1581558555	2425
1581558565	2480
1581558575	2520
1581558585	2534
1581558595	2395
1581558605	2373
1581558615	2468
1581558625	2409
1581558635	2427
1581558645	2468
1581558655	2426
1581558665	2308
1581558675	2374
1581558685	2325
1581558695	2377
1581558705	2487
1581558715	2366
1581558725	2444
1581558735	2484
1581558745	2421
1581558755	2482
1581558765	2312
1581558775	2339
1581558785	2242
1581558795	2371
1581558805	2376
1581558815	2349
1581558825	2364
1581558835	2408
1581558845	2496
1581558855	2395
1581558865	2386
1581558875	2322
1581558885	2397
1581558895	2391
1581558905	2363
1581558915	2435
1581558925	2428
1581558935	2508
1581558945	2435
1581558955	2387
1581558965	2484
1581558975	2313
1581558985	2448
1581558995	2418
1581559005	2420
1581559015	2454
1581559025	2357
1581559035	2322
1581559045	2284
1581559055	2347
1581559065	2337
1581559075	2299
1581559085	2410
1581559095	2388
1581559105	2312
1581559115	2371
1581559125	2373
1581559135	2342
1581559145	2403
1581559155	2319
1581559165	2184
1581559175	2318
1581559185	2422
1581559195	2397
1581559205	2426
1581559215	2561
1581559225	2443
1581559235	2391
1581559245	2498
1581559255	2344
1581559265	2451
1581559275	2345
1581559285	2315
1581559295	2378
1581559305	2531
1581559315	2370
1581559325	2415
1581559335	2375
1581559345	2489
1581559355	2445
1581559365	2479
1581559375	2397
1581559385	2509
1581559395	2418
1581559405	2454
1581559415	2394
1581559425	2384
1581559435	2447
1581559445	2468
1581559455	2420
1581559465	2379
1581559475	2438
1581559485	2445
1581559495	2556
1581559505	2430
1581559515	2355
1581559525	2457
1581559535	2526
1581559545	2442
1581559555	2513
1581559565	2397
1581559575	2403
1581559585	2460
1581559595	2347
1581559605	2437
1581559615	2394
1581559625	2527
1581559635	2359
1581559645	2397
1581559655	2420
1581559665	2410
1581559675	2471
1581559685	2419
1581559695	2436
1581559705	2485
1581559715	2504
1581559725	2505
1581559735	2551
1581559745	2395
1581559755	2370
1581559765	2327
1581559775	2332
1581559785	2431
1581559795	2469
1581559805	2435
1581559815	2395
1581559825	2321
1581559835	2333
1581559845	2406
1581559855	2390
1581559865	2353
1581559875	2400
1581559885	2453
1581559895	2402
1581559905	2395
1581559915	2397
1581559925	2393
1581559935	2426
1581559945	2438
1581559955	2385
1581559965	2476
1581559975	2355
1581559985	2304
1581559995	2298
1581560005	2279
1581560015	2298
1581560025	2297
1581560035	2407
1581560045	2419
1581560055	2273
1581560065	2440
1581560075	2345
1581560085	2304
1581560095	2198
1581560105	2169
1581560115	2444
1581560125	2443
1581560135	2334
1581560145	2396
1581560155	2242
1581560165	2320
1581560175	2329
1581560185	2251
1581560195	2255
1581560205	2347
1581560215	2422
1581560225	2322
1581560235	2376
1581560245	2330
1581560255	2373
1581560265	2371
1581560275	2347
1581560285	2373
1581560295	2349
1581560305	2217
1581560315	2278
1581560325	2309
1581560335	2426
1581560345	2376
1581560355	2362
1581560365	2454
1581560375	2411
1581560385	2426
1581560395	2408
1581560405	2473
1581560415	2352
1581560425	2241
1581560435	2393
1581560445	2313
1581560455	2223
1581560465	2180
1581560475	2400
1581560485	2408
1581560495	2327
1581560505	2441
1581560515	2407
1581560525	2322
1581560535	2372
1581560545	2399
1581560555	2419
1581560565	2466
1581560575	2432
1581560585	2497
1581560595	2365
1581560605	2460
1581560615	2357
1581560625	2381
1581560635	2307
1581560645	2315
1581560655	2356
1581560665	2292
1581560675	2269
1581560685	2326
1581560695	2423
1581560705	2414
1581560715	2382
1581560725	2386
1581560735	2400
1581560745	2312
1581560755	2352
1581560765	2346
1581560775	2324
1581560785	2380
1581560795	2405
1581560805	2390
1581560815	2356
1581560825	2355
1581560835	2426
1581560845	2388
1581560855	2351
1581560865	2356
1581560875	2435
1581560885	2314
1581560895	2265
1581560905	2339
1581560915	2336
1581560925	2269
1581560935	2350
1581560945	2334
1581560955	2394
1581560965	2370
1581560975	2347
1581560985	2305
1581560995	2340
1581561005	2411
1581561015	2369
1581561025	2254
1581561035	2303
1581561045	2334
1581561055	2291
1581561065	2442
1581561075	2486
1581561085	2425
1581561095	2408
1581561105	2398
1581561115	2450
1581561125	2354
1581561135	2322
1581561145	2288
1581561155	2398
1581561165	2460
1581561175	2431
1581561185	2454
1581561195	2452
1581561205	2306
1581561215	2312
1581561225	2404
1581561235	2254
1581561245	2250
1581561255	2350
1581561265	2431
1581561275	2515
1581561285	2390
1581561295	2374
1581561305	2508
1581561315	2495
1581561325	2371
1581561335	2460
1581561345	2443
1581561355	2487
1581561365	2363
1581561375	2365
1581561385	2397
1581561395	2351
1581561405	2346
1581561415	2433
1581561425	2473
1581561435	2411
1581561445	2422
1581561455	2457
1581561465	2395
1581561475	2398
1581561485	2438
1581561495	2491
1581561505	2445
1581561515	2451
1581561525	2485
1581561535	2374
1581561545	2442
1581561555	2317
1581561565	2423
1581561575	2439
1581561585	2401
1581561595	2412
1581561605	2357
1581561615	2375
1581561625	2436
1581561635	2436
1581561645	2425
1581561655	2304
1581561665	2280
1581561675	2328
1581561685	2381
1581561695	2399
1581561705	2451
1581561715	2442
1581561725	2468
1581561735	2390
1581561745	2423
1581561755	2483
1581561765	2433
1581561775	2440
1581561785	2522
1581561795	2392
1581561805	2453
1581561815	2511
1581561825	2496
1581561835	2421
1581561845	2390
1581561855	2428
1581561865	2389
1581561875	2441
1581561885	2444
1581561895	2402
1581561905	2404
1581561915	2416
1581561925	2351
1581561935	2407
1581561945	2504
1581561955	2269
1581561965	2473
1581561975	2360
1581561985	2410
1581561995	2346
1581562005	2223
1581562015	2468
1581562025	2411
1581562035	2407
1581562045	2319
1581562055	2301
1581562065	2215
1581562075	2314
1581562085	2331
1581562095	2323
1581562105	2425
1581562115	2377
1581562125	2386
1581562135	2323
1581562145	2358
1581562155	2404
1581562165	2388
1581562175	2403
1581562185	2402
1581562195	2345
1581562205	2417
1581562215	2425
1581562225	2307
1581562235	2280
1581562245	2328
1581562255	2357
1581562265	2350
1581562275	2368
1581562285	2337
1581562295	2338
1581562305	2360
1581562315	2400
1581562325	2332
1581562335	2444
1581562345	2356
1581562355	2396
1581562365	2385
1581562375	2330
1581562385	2532
1581562395	2444
1581562405	2321
1581562415	2282
1581562425	2288
1581562435	2341
1581562445	2308
1581562455	2420
1581562465	2438
1581562475	2437
1581562485	2485
1581562495	2413
1581562505	2404
1581562515	2450
1581562525	2316
1581562535	2492
1581562545	2376
1581562555	2270
1581562565	2410
1581562575	2466
1581562585	2270
1581562595	2288
1581562605	2428
1581562615	2361
1581562625	2360
1581562635	2422
1581562645	2453
1581562655	2410
1581562665	2390
1581562675	2410
1581562685	2337
1581562695	2534
1581562705	2278
1581562715	2440
1581562725	2365
1581562735	2313
1581562745	2243
1581562755	2343
1581562765	2314
1581562775	2238
1581562785	2383
1581562795	2333
1581562805	2361
1581562815	2400
1581562825	2422
1581562835	2430
1581562845	2426
1581562855	2389
1581562865	2489
1581562875	2515
1581562885	2440
1581562895	2377
1581562905	2384
1581562915	2359
1581562925	2392
1581562935	2351
1581562945	2378
1581562955	2346
1581562965	2362
1581562975	2446
1581562985	2418
1581562995	2367
1581563005	2383
1581563015	2280
1581563025	2226
1581563035	2345
1581563045	2377
1581563055	2249
1581563065	2330
1581563075	2383
1581563085	2370
1581563095	2405
1581563105	2409
1581563115	2261
1581563125	2411
1581563135	2366
1581563145	2361
1581563155	2299
1581563165	2329
1581563175	2349
1581563185	2268
1581563195	2346
1581563205	2404
1581563215	2382
1581563225	2288
1581563235	2423
1581563245	2414
1581563255	2407
1581563265	2350
1581563275	2406
1581563285	2374
1581563295	2380
1581563305	2447
1581563315	2461
1581563325	2376
1581563335	2430
1581563345	2360
1581563355	2295
1581563365	2260
1581563375	2251
1581563385	2277
1581563395	2292
1581563405	2357
1581563415	2266
1581563425	2204
1581563435	2204
1581563445	2443
1581563455	2200
1581563465	2354
1581563475	2360
1581563485	2436
1581563495	2432
1581563505	2343
1581563515	2360
1581563525	2393
1581563535	2493
1581563545	2437
1581563555	2459
1581563565	2433
1581563575	2303
1581563585	2319
1581563595	2341
1581563605	2172
1581563615	2283
1581563625	2228
1581563635	2264
1581563645	2343
1581563655	2389
1581563665	2379
1581563675	2356
1581563685	2240
1581563695	2223
1581563705	2244
1581563715	2259
1581563725	2311
1581563735	2435
1581563745	2414
1581563755	2502
1581563765	2417
1581563775	2317
1581563785	2438
1581563795	2335
1581563805	2312
1581563815	2462
1581563825	2328
1581563835	2362
1581563845	2237
1581563855	2311
1581563865	2336
1581563875	2244
1581563885	2253
1581563895	2324
1581563905	2349
1581563915	2276
1581563925	2503
1581563935	2400
1581563945	2381
1581563955	2359
1581563965	2365
1581563975	2446
1581563985	2401
1581563995	2378
1581564005	2357
1581564015	2326
1581564025	2364
1581564035	2413
1581564045	2344
1581564055	2371
1581564065	2335
1581564075	2455
1581564085	2277
1581564095	2399
1581564105	2417
1581564115	2333
1581564125	2311
1581564135	2332
1581564145	2352
1581564155	2339
1581564165	2268
1581564175	2273
1581564185	2259
1581564195	2353
1581564205	2336
1581564215	2435
1581564225	2340
1581564235	2447
1581564245	2282
1581564255	2266
1581564265	2388
1581564275	2397
1581564285	2419
1581564295	2321
1581564305	2323
1581564315	2343
1581564325	2429
1581564335	2359
1581564345	2435
1581564355	2484
1581564365	2374
1581564375	2443
1581564385	2385
1581564395	2474
1581564405	2426
1581564415	2374
1581564425	2282
1581564435	2409
1581564445	2342
1581564455	2224
1581564465	2337
1581564475	2406
1581564485	2385
1581564495	2323
1581564505	2460
1581564515	2396
1581564525	2373
1581564535	2333
1581564545	2261
1581564555	2316
1581564565	2280
1581564575	2449
1581564585	2399
1581564595	2341
1581564605	2391
1581564615	2442
1581564625	2456
1581564635	2371
1581564645	2401
1581564655	2300
1581564665	2315
1581564675	2368
1581564685	2344
1581564695	2495
1581564705	2385
1581564715	2362
1581564725	2383
1581564735	2441
1581564745	2345
1581564755	2383
1581564765	2327
1581564775	2397
1581564785	2327
1581564795	2395
1581564805	2379
1581564815	2319
1581564825	2347
1581564835	2405
1581564845	2397
1581564855	2359
1581564865	2512
1581564875	2423
1581564885	2393
1581564895	2328
1581564905	2319
1581564915	2368
1581564925	2403
1581564935	2364
1581564945	2328
1581564955	2370
1581564965	2388
1581564975	2408
1581564985	2336
1581564995	2324
1581565005	2350
1581565015	2360
1581565025	2273
1581565035	2470
1581565045	2406
1581565055	2400
1581565065	2425
1581565075	2404
1581565085	2277
1581565095	2308
1581565105	2347
1581565115	2302
1581565125	2234
1581565135	2303
1581565145	2318
1581565155	2327
1581565165	2307
1581565175	2305
1581565185	2285
1581565195	2351
1581565205	2467
1581565215	2272
1581565225	2282
1581565235	2288
1581565245	2329
1581565255	2235
1581565265	2294
1581565275	2353
1581565285	2306
1581565295	2356
1581565305	2280
1581565315	2422
1581565325	2375
1581565335	2398
1581565345	2388
1581565355	2287
1581565365	2229
1581565375	2162
1581565385	2260
1581565395	2146
1581565405	2337
1581565415	2209
1581565425	2193
1581565435	2225
1581565445	2266
1581565455	2128
1581565465	2283
1581565475	2284
1581565485	2292
1581565495	2356
1581565505	2441
1581565515	2358
1581565525	2287
1581565535	2278
1581565545	2311
1581565555	2340
1581565565	2360
1581565575	2409
1581565585	2360
1581565595	2317
1581565605	2312
1581565615	2239
1581565625	2307
1581565635	2239
1581565645	2305
1581565655	2386
1581565665	2344
1581565675	2388
1581565685	2346
1581565695	2344
1581565705	2339
1581565715	2270
1581565725	2306
1581565735	2337
1581565745	2286
1581565755	2312
1581565765	2318
1581565775	2233
1581565785	2332
1581565795	2290
1581565805	2412
1581565815	2424
1581565825	2409
1581565835	2399
1581565845	2291
1581565855	2314
1581565865	2276
1581565875	2456
1581565885	2371
1581565895	2374
1581565905	2376
1581565915	2363
1581565925	2321
1581565935	2332
1581565945	2362
1581565955	2404
1581565965	2325
1581565975	2346
1581565985	2304
1581565995	2349
1581566005	2236
1581566015	2358
1581566025	2280
1581566035	2180
1581566045	2217
1581566055	2252
1581566065	2287
1581566075	2218
1581566085	2276
1581566095	2388
1581566105	2413
1581566115	2349
1581566125	2330
1581566135	2363
1581566145	2332
1581566155	2344
1581566165	2317
1581566175	2298
1581566185	2264
1581566195	2291
1581566205	2154
1581566215	2244
1581566225	2253
1581566235	2200
1581566245	2312
1581566255	2339
1581566265	2345
1581566275	2384
1581566285	2243
1581566295	2396
1581566305	2213
1581566315	2242
1581566325	2215
1581566335	2190
1581566345	2239
1581566355	2200
1581566365	2196
1581566375	2151
1581566385	2234
1581566395	2196
1581566405	2285
1581566415	2257
1581566425	2282
1581566435	2344
1581566445	2176
1581566455	2284
1581566465	2332
1581566475	2303
1581566485	2258
1581566495	2187
1581566505	2190
1581566515	2159
1581566525	2299
1581566535	2215
1581566545	2237
1581566555	2203
1581566565	2269
1581566575	2423
1581566585	2345
1581566595	2407
1581566605	2351
1581566615	2387
1581566625	2283
1581566635	2301
1581566645	2303
1581566655	2252
1581566665	2275
1581566675	2242
1581566685	2246
1581566695	2126
1581566705	2324
1581566715	2327
1581566725	2247
1581566735	2229
1581566745	2232
1581566755	2341
1581566765	2358
1581566775	2314
1581566785	2286
1581566795	2374
1581566805	2392
1581566815	2396
1581566825	2371
1581566835	2392
1581566845	2370
1581566855	2348
1581566865	2413
1581566875	2339
1581566885	2327
1581566895	2307
1581566905	2281
1581566915	2391
1581566925	2496
1581566935	2390
1581566945	2389
1581566955	2239
1581566965	2273
1581566975	2244
1581566985	2254
1581566995	2354
1581567005	2299
1581567015	2249
1581567025	2239
1581567035	2173
1581567045	2363
1581567055	2302
1581567065	2275
1581567075	2268
1581567085	2315
1581567095	2453
1581567105	2335
1581567115	2402
1581567125	2308
1581567135	2253
1581567145	2211
1581567155	2272
1581567165	2314
1581567175	2317
1581567185	2371
1581567195	2239
1581567205	2320
1581567215	2355
1581567225	2375
1581567235	2242
1581567245	2222
1581567255	2336
1581567265	2287
1581567275	2413
1581567285	2290
1581567295	2313
1581567305	2397
1581567315	2373
1581567325	2245
1581567335	2296
1581567345	2273
1581567355	2247
1581567365	2361
1581567375	2370
1581567385	2347
1581567395	2296
1581567405	2224
1581567415	2315
1581567425	2222
1581567435	2352
1581567445	2334
1581567455	2350
1581567465	2284
1581567475	2387
1581567485	2417
1581567495	2437
1581567505	2409
1581567515	2332
1581567525	2463
1581567535	2309
1581567545	2405
1581567555	2436
1581567565	2439
1581567575	2345
1581567585	2479
1581567595	2289
1581567605	2276
1581567615	2345
1581567625	2332
1581567635	2280
1581567645	2365
1581567655	2374
1581567665	2269
1581567675	2276
1581567685	2340
1581567695	2340
1581567705	2272
1581567715	2215
1581567725	2373
1581567735	2346
1581567745	2340
1581567755	2485
1581567765	2432
1581567775	2419
1581567785	2486
1581567795	2475
1581567805	2453
1581567815	2384
1581567825	2378
1581567835	2404
1581567845	2321
1581567855	2328
1581567865	2407
1581567875	2422
1581567885	2406
1581567895	2443
1581567905	2338
1581567915	2380
1581567925	2380
1581567935	2123
1581567945	2095
1581567955	2266
1581567965	2207
1581567975	2168
1581567985	2253
1581567995	2291
1581568005	2247
1581568015	2282
1581568025	2300
1581568035	2377
1581568045	2416
1581568055	2352
1581568065	2290
1581568075	2160
1581568085	2187
1581568095	2354
1581568105	2367
1581568115	2345
1581568125	2340
1581568135	2279
1581568145	2355
1581568155	2298
1581568165	2400
1581568175	2294
1581568185	2325
1581568195	2380
1581568205	2468
1581568215	2470
1581568225	2330
1581568235	2270
1581568245	2342
1581568255	2366
1581568265	2297
1581568275	2319
1581568285	2389
1581568295	2512
1581568305	2468
1581568315	2420
1581568325	2303
1581568335	2292
1581568345	2401
1581568355	2388
1581568365	2385
1581568375	2449
1581568385	2340
1581568395	2459
1581568405	2427
1581568415	2428
1581568425	2463
1581568435	2470
1581568445	2366
1581568455	2314
1581568465	2387
1581568475	2388
1581568485	2422
1581568495	2389
1581568505	2418
1581568515	2341
1581568525	2272
1581568535	2417
1581568545	2254
1581568555	2347
1581568565	2330
1581568575	2288
1581568585	2375
1581568595	2304
1581568605	2345
1581568615	2355
1581568625	2426
1581568635	2378
1581568645	2239
1581568655	2294
1581568665	2398
1581568675	2366
1581568685	2483
1581568695	2372
1581568705	2313
1581568715	2250
1581568725	2268
1581568735	2257
1581568745	2362
1581568755	2278
1581568765	2346
1581568775	2214
1581568785	2219
1581568795	2319
1581568805	2310
1581568815	2431
1581568825	2356
1581568835	2382
1581568845	2321
1581568855	2194
1581568865	2338
1581568875	2263
1581568885	2262
1581568895	2204
1581568905	2226
1581568915	2256
1581568925	2227
1581568935	2374
1581568945	2266
1581568955	2283
1581568965	2299
1581568975	2277
1581568985	2286
1581568995	2347
1581569005	2464
1581569015	2368
1581569025	2442
1581569035	2402
1581569045	2357
1581569055	2254
1581569065	2329
1581569075	2446
1581569085	2414
1581569095	2400
1581569105	2406
1581569115	2335
1581569125	2434
1581569135	2351
1581569145	2342
1581569155	2158
1581569165	2157
1581569175	2293
1581569185	2295
1581569195	2203
1581569205	2336
1581569215	2343
1581569225	2323
1581569235	2363
1581569245	2464
1581569255	2436
1581569265	2259
1581569275	2294
1581569285	2266
1581569295	2355
1581569305	2372
1581569315	2459
1581569325	2392
1581569335	2445
1581569345	2329
1581569355	2383
1581569365	2407
1581569375	2234
1581569385	2281
1581569395	2320
1581569405	2264
1581569415	2295
1581569425	2385
1581569435	2405
1581569445	2288
1581569455	2258
1581569465	2301
1581569475	2317
1581569485	2334
1581569495	2367
1581569505	2299
1581569515	2335
1581569525	2396
1581569535	2388
1581569545	2486
1581569555	2259
1581569565	2293
1581569575	2349
1581569585	2380
1581569595	2374
1581569605	2386
1581569615	2245
1581569625	2292
1581569635	2190
1581569645	2072
1581569655	2011
1581569665	2090
1581569675	2125
1581569685	2135
1581569695	2178
1581569705	2330
1581569715	2300
1581569725	2309
1581569735	2317
1581569745	2224
1581569755	2263
1581569765	2189
1581569775	2317
1581569785	2251
1581569795	2329
1581569805	2325
1581569815	2360
1581569825	2316
1581569835	2241
1581569845	2265
1581569855	2199
1581569865	2305
1581569875	2273
1581569885	2376
1581569895	2260
1581569905	2297
1581569915	2298
1581569925	2285
1581569935	2382
1581569945	2383
1581569955	2322
1581569965	2433
1581569975	2443
1581569985	2395
1581569995	2352
1581570005	2360
1581570015	2384
1581570025	2285
1581570035	2333
1581570045	2276
1581570055	2299
1581570065	2216
1581570075	2085
1581570085	2091
1581570095	2240
1581570105	2240
1581570115	2429
1581570125	2334
1581570135	2369
1581570145	2287
1581570155	2200
1581570165	2188
1581570175	2297
1581570185	2294
1581570195	2333
1581570205	2510
1581570215	2348
1581570225	2433
1581570235	2387
1581570245	2319
1581570255	2396
1581570265	2350
1581570275	2277
1581570285	2323
1581570295	2370
1581570305	2412
1581570315	2405
1581570325	2364
1581570335	2323
1581570345	2296
1581570355	2274
1581570365	2207
1581570375	2332
1581570385	2337
1581570395	2364
1581570405	2379
1581570415	2308
1581570425	2186
1581570435	2251
1581570445	2179
1581570455	2202
1581570465	2237
1581570475	2205
1581570485	2173
1581570495	2200
1581570505	2213
1581570515	2104
1581570525	2099
1581570535	2257
1581570545	2210
1581570555	2153
1581570565	2149
1581570575	2233
1581570585	2394
1581570595	2290
1581570605	2168
1581570615	2149
1581570625	2163
1581570635	2198
1581570645	2207
1581570655	2195
1581570665	2222
1581570675	2231
1581570685	2222
1581570695	2265
1581570705	2210
1581570715	2254
1581570725	2411
1581570735	2300
1581570745	2314
1581570755	2337
1581570765	2408
1581570775	2344
1581570785	2308
1581570795	2292
1581570805	2269
1581570815	2226
1581570825	2294
1581570835	2321
1581570845	2327
1581570855	2458
1581570865	2367
1581570875	2314
1581570885	2432
1581570895	2369
1581570905	2422
1581570915	2393
1581570925	2363
1581570935	2340
1581570945	2323
1581570955	2239
1581570965	2292
1581570975	2306
1581570985	2264
1581570995	2313
1581571005	2256
1581571015	2361
1581571025	2317
1581571035	2395
1581571045	2375
1581571055	2343
1581571065	2368
1581571075	2378
1581571085	2437
1581571095	2315
1581571105	2253
1581571115	2229
1581571125	2293
1581571135	2201
1581571145	2347
1581571155	2375
1581571165	2260
1581571175	2366
1581571185	2347
1581571195	2325
1581571205	2369
1581571215	2392
1581571225	2349
1581571235	2365
1581571245	2291
1581571255	2319
1581571265	2404
1581571275	2309
1581571285	2317
1581571295	2287
1581571305	2333
1581571315	2233
1581571325	2350
1581571335	2336
1581571345	2312
1581571355	2316
1581571365	2220
1581571375	2261
1581571385	2263
1581571395	2337
1581571405	2322
1581571415	2273
1581571425	2336
1581571435	2165
1581571445	2321
1581571455	2388
1581571465	2469
1581571475	2393
1581571485	2349
1581571495	2454
1581571505	2302
1581571515	2407
1581571525	2298
1581571535	2344
1581571545	2236
1581571555	2293
1581571565	2265
1581571575	2268
1581571585	2371
1581571595	2315
1581571605	2300
1581571615	2311
1581571625	2377
1581571635	2354
1581571645	2223
1581571655	2237
1581571665	2155
1581571675	2206
1581571685	2241
1581571695	2175
1581571705	2168
1581571715	2240
1581571725	2232
1581571735	2282
1581571745	2385
1581571755	2272
1581571765	2342
1581571775	2338
1581571785	2312
1581571795	2415
1581571805	2271
1581571815	2354
1581571825	2274
1581571835	2340
1581571845	2282
1581571855	2292
1581571865	2203
1581571875	2318
1581571885	2341
1581571895	2359
1581571905	2287
1581571915	2265
1581571925	2134
1581571935	2232
1581571945	2160
1581571955	2162
1581571965	2269
1581571975	2366
1581571985	2410
1581571995	2307
1581572005	2399
1581572015	2332
1581572025	2410
1581572035	2322
1581572045	2402
1581572055	2326
1581572065	2233
1581572075	2328
1581572085	2351
1581572095	2217
1581572105	2233
1581572115	2248
1581572125	2334
1581572135	2404
1581572145	2341
1581572155	2319
1581572165	2393
1581572175	2285
1581572185	2204
1581572195	2303
1581572205	2184
1581572215	2113
1581572225	2043
1581572235	2076
1581572245	2037
1581572255	2181
1581572265	2295
1581572275	2289
1581572285	2380
1581572295	2246
1581572305	2310
1581572315	2393
1581572325	2420
1581572335	2321
1581572345	2374
1581572355	2253
1581572365	2277
1581572375	2241
1581572385	2231
1581572395	2241
1581572405	2239
1581572415	2266
1581572425	2312
1581572435	2286
1581572445	2258
1581572455	2241
1581572465	2172
1581572475	2192
1581572485	2238
1581572495	2205
1581572505	2292
1581572515	2234
1581572525	2277
1581572535	2168
1581572545	2093
1581572555	2140
1581572565	2199
1581572575	2264
1581572585	2306
1581572595	2149
1581572605	2168
1581572615	2266
1581572625	2217
1581572635	2284
1581572645	2196
1581572655	2155
1581572665	2333
1581572675	2295
1581572685	2229
1581572695	2239
1581572705	2321
1581572715	2252
1581572725	2220
1581572735	2323
1581572745	2345
1581572755	2405
1581572765	2370
1581572775	2314
1581572785	2311
1581572795	2200
1581572805	2217
1581572815	2294
1581572825	2136
1581572835	2314
1581572845	2238
1581572855	2257
1581572865	2162
1581572875	2265
1581572885	2197
1581572895	2323
1581572905	2221
1581572915	2176
1581572925	2228
1581572935	2240
1581572945	2267
1581572955	2258
1581572965	2287
1581572975	2169
1581572985	2217
1581572995	2181
1581573005	2205
1581573015	2320
1581573025	2400
1581573035	2311
1581573045	2319
1581573055	2304
1581573065	2173
1581573075	2233
1581573085	2172
1581573095	2223
1581573105	2186
1581573115	2370
1581573125	2319
1581573135	2373
1581573145	2370
1581573155	2269
1581573165	2325
1581573175	2221
1581573185	2221
1581573195	2255
1581573205	2281
1581573215	2267
1581573225	2227
1581573235	2249
1581573245	2252
1581573255	2215
1581573265	2231
1581573275	2218
1581573285	2332
1581573295	2431
1581573305	2315
1581573315	2361
1581573325	2285
1581573335	2286
1581573345	2299
1581573355	2300
1581573365	2355
1581573375	2282
1581573385	2180
1581573395	2177
1581573405	2222
1581573415	2167
1581573425	2191
1581573435	2132
1581573445	2167
1581573455	2225
1581573465	2196
1581573475	2271
1581573485	2249
1581573495	2253
1581573505	2253
1581573515	2364
1581573525	2383
1581573535	2250
1581573545	2216
1581573555	2276
1581573565	2224
1581573575	2224
1581573585	2308
1581573595	2331
1581573605	2310
1581573615	2330
1581573625	2248
1581573635	2319
1581573645	2282
1581573655	2271
1581573665	2310
1581573675	2166
1581573685	2259
1581573695	2168
1581573705	2236
1581573715	2283
1581573725	2313
1581573735	2268
1581573745	2339
1581573755	2297
1581573765	2272
1581573775	2262
1581573785	2456
1581573795	2380
1581573805	2332
1581573815	2382
1581573825	2288
1581573835	2307
1581573845	2300
1581573855	2231
1581573865	2338
1581573875	2228
1581573885	2378
1581573895	2329
1581573905	2367
1581573915	2291
1581573925	2265
1581573935	2315
1581573945	2300
1581573955	2348
1581573965	2309
1581573975	2296
1581573985	2315
1581573995	2415
1581574005	2308
1581574015	2316
1581574025	2342
1581574035	2302
1581574045	2354
1581574055	2262
1581574065	2222
1581574075	2346
1581574085	2263
1581574095	2162
1581574105	2230
1581574115	2164
1581574125	2150
1581574135	2234
1581574145	2259
1581574155	2248
1581574165	2350
1581574175	2299
1581574185	2336
1581574195	2249
1581574205	2295
1581574215	2313
1581574225	2257
1581574235	2258
1581574245	2342
1581574255	2213
1581574265	2349
1581574275	2295
1581574285	2402
1581574295	2429
1581574305	2458
1581574315	2400
1581574325	2358
1581574335	2224
1581574345	2298
1581574355	2201
1581574365	2237
1581574375	2372
1581574385	2141
1581574395	2210
1581574405	2223
1581574415	2276
1581574425	2241
1581574435	2244
1581574445	2369
1581574455	2218
1581574465	2223
1581574475	2192
1581574485	2321
1581574495	2323
1581574505	2368
1581574515	2363
1581574525	2368
1581574535	2331
1581574545	2280
1581574555	2375
1581574565	2258
1581574575	2258
1581574585	2340
1581574595	2293
1581574605	2262
1581574615	2276
1581574625	2226
1581574635	2300
1581574645	2296
1581574655	2443
1581574665	2319
1581574675	2296
1581574685	2331
1581574695	2355
1581574705	2184
1581574715	2111
1581574725	2043
1581574735	2160
1581574745	2182
1581574755	2146
1581574765	2181
1581574775	2150
1581574785	2144
1581574795	2256
1581574805	2309
1581574815	2335
1581574825	2254
1581574835	2279
1581574845	2238
1581574855	2229
1581574865	2261
1581574875	2213
1581574885	2197
1581574895	2216
1581574905	2217
1581574915	2273
1581574925	2288
1581574935	2391
1581574945	2298
1581574955	2298
1581574965	2250
1581574975	2114
1581574985	2159
1581574995	2073
1581575005	1996
1581575015	2064
1581575025	2163
1581575035	2195
1581575045	2137
1581575055	2111
1581575065	2246
1581575075	2204
1581575085	2203
1581575095	2214
1581575105	2263
1581575115	2356
1581575125	2297
1581575135	2293
1581575145	2305
1581575155	2297
1581575165	2152
1581575175	2251
1581575185	2240
1581575195	2193
1581575205	2118
1581575215	2175
1581575225	2221
1581575235	2201
1581575245	2161
1581575255	2180
1581575265	2271
1581575275	2241
1581575285	2231
1581575295	2227
1581575305	2129
1581575315	2268
1581575325	2244
1581575335	2238
1581575345	2250
1581575355	2272
1581575365	2352
1581575375	2349
1581575385	2210
1581575395	2304
1581575405	2229
1581575415	2264
1581575425	2126
1581575435	2247
1581575445	2218
1581575455	2165
1581575465	2192
1581575475	2192
1581575485	2093
1581575495	2214
1581575505	2186
1581575515	2139
1581575525	2218
1581575535	2262
1581575545	2219
1581575555	2309
1581575565	2318
1581575575	2191
1581575585	2218
1581575595	2161
1581575605	2224
1581575615	2165
1581575625	2152
1581575635	2327
1581575645	2350
1581575655	2248
1581575665	2203
1581575675	2203
1581575685	2202
1581575695	2328
1581575705	2243
1581575715	2203
1581575725	2330
1581575735	2198
1581575745	2264
1581575755	2283
1581575765	2322
1581575775	2258
1581575785	2294
1581575795	2320
1581575805	2361
1581575815	2333
1581575825	2292
1581575835	2260
1581575845	2281
1581575855	2213
1581575865	2291
1581575875	2331
1581575885	2251
1581575895	2284
1581575905	2318
1581575915	2280
1581575925	2321
1581575935	2255
1581575945	2382
1581575955	2321
1581575965	2325
1581575975	2382
1581575985	2219
1581575995	2215
1581576005	2235
1581576015	2306
1581576025	2283
1581576035	2236
1581576045	2216
1581576055	2268
1581576065	2283
1581576075	2353
1581576085	2539
1581576095	2259
1581576105	2271
1581576115	2167
1581576125	2291
1581576135	2350
1581576145	2250
1581576155	2237
1581576165	2058
1581576175	2114
1581576185	2113
1581576195	2122
1581576205	2293
1581576215	2261
1581576225	2232
1581576235	2198
1581576245	2121
1581576255	2232
1581576265	2239
1581576275	2230
1581576285	2336
1581576295	2316
1581576305	2320
1581576315	2380
1581576325	2264
1581576335	2247
1581576345	2267
1581576355	2278
1581576365	2304
1581576375	2265
1581576385	2322
1581576395	2317
1581576405	2312
1581576415	2313
1581576425	2203
1581576435	2300
1581576445	2242
1581576455	2144
1581576465	2311
1581576475	2378
1581576485	2294
1581576495	2216
1581576505	2299
1581576515	2305
1581576525	2241
1581576535	2300
1581576545	2414
1581576555	2273
1581576565	2294
1581576575	2293
1581576585	2238
1581576595	2263
1581576605	2284
1581576615	2206
1581576625	2224
1581576635	2218
1581576645	2243
1581576655	2195
1581576665	2221
1581576675	2316
1581576685	2198
1581576695	2205
1581576705	2249
1581576715	2239
1581576725	2312
1581576735	2253
1581576745	2245
1581576755	2176
1581576765	2222
1581576775	2163
1581576785	2132
1581576795	2228
1581576805	2330
1581576815	2245
1581576825	2393
1581576835	2308
1581576845	2397
1581576855	2383
1581576865	2336
1581576875	2250
1581576885	2230
1581576895	2241
1581576905	2275
1581576915	2260
1581576925	2352
1581576935	2299
1581576945	2359
1581576955	2344
1581576965	2451
1581576975	2248
1581576985	2233
1581576995	2391
1581577005	2301
1581577015	2356
1581577025	2362
1581577035	2371
1581577045	2221
1581577055	2404
1581577065	2277
1581577075	2393
1581577085	2354
1581577095	2252
1581577105	2370
1581577115	2339
1581577125	2292
1581577135	2348
1581577145	2277
1581577155	2332
1581577165	2307
1581577175	2330
1581577185	2282
1581577195	2341
1581577205	2346
1581577215	2342
1581577225	2331
1581577235	2332
1581577245	2393
1581577255	2271
1581577265	2285
1581577275	2247
1581577285	2127
1581577295	2097
1581577305	2258
1581577315	2339
1581577325	2430
1581577335	2322
1581577345	2321
1581577355	2517
1581577365	2303
1581577375	2438
1581577385	2364
1581577395	2361
1581577405	2442
1581577415	2317
1581577425	2248
1581577435	2430
1581577445	2466
1581577455	2300
1581577465	2348
1581577475	2344
1581577485	2366
1581577495	2315
1581577505	2246
1581577515	2355
1581577525	2311
1581577535	2384
1581577545	2466
1581577555	2404
1581577565	2298
1581577575	2348
1581577585	2258
1581577595	2328
1581577605	2314
1581577615	2416
1581577625	2414
1581577635	2353
1581577645	2352
1581577655	2399
1581577665	2357
1581577675	2366
1581577685	2461
1581577695	2391
1581577705	2354
1581577715	2392
1581577725	2361
1581577735	2418
1581577745	2390
1581577755	2259
1581577765	2359
1581577775	2360
1581577785	2501
1581577795	2357
1581577805	2287
1581577815	2396
1581577825	2419
1581577835	2398
1581577845	2530
1581577855	2446
1581577865	2382
1581577875	2434
1581577885	2405
1581577895	2382
1581577905	2368
1581577915	2294
1581577925	2283
1581577935	2229
1581577945	2167
1581577955	2263
1581577965	2269
1581577975	2307
1581577985	2376
1581577995	2357
1581578005	2427
1581578015	2345
1581578025	2412
1581578035	2382
1581578045	2464
1581578055	2397
1581578065	2390
1581578075	2360
1581578085	2348
1581578095	2415
1581578105	2355
1581578115	2366
1581578125	2398
1581578135	2204
1581578145	2155
1581578155	2348
1581578165	2353
1581578175	2317
1581578185	2441
1581578195	2395
1581578205	2317
1581578215	2290
1581578225	2229
1581578235	2239
1581578245	2297
1581578255	2292
1581578265	2285
1581578275	2466
1581578285	2419
1581578295	2292
1581578305	2388
1581578315	2420
1581578325	2379
1581578335	2419
1581578345	2443
1581578355	2426
1581578365	2425
1581578375	2497
1581578385	2439
1581578395	2362
1581578405	2437
1581578415	2296
1581578425	2405
1581578435	2324
1581578445	2339
1581578455	2383
1581578465	2336
1581578475	2402
1581578485	2353
1581578495	2324
1581578505	2454
1581578515	2309
1581578525	2490
1581578535	2408
1581578545	2470
1581578555	2354
1581578565	2463
1581578575	2370
1581578585	2409
1581578595	2512
1581578605	2456
1581578615	2431
1581578625	2477
1581578635	2397
1581578645	2437
1581578655	2462
1581578665	2395
1581578675	2470
1581578685	2480
1581578695	2462
1581578705	2406
1581578715	2432
1581578725	2400
1581578735	2342
1581578745	2213
1581578755	2170
1581578765	2375
1581578775	2363
1581578785	2405
1581578795	2511
1581578805	2469
1581578815	2460
1581578825	2398
1581578835	2438
1581578845	2527
1581578855	2320
1581578865	2291
1581578875	2310
1581578885	2296
1581578895	2473
1581578905	2399
1581578915	2439
1581578925	2515
1581578935	2359
1581578945	2386
1581578955	2470
1581578965	2459
1581578975	2391
1581578985	2486
1581578995	2451
1581579005	2468
1581579015	2399
1581579025	2469
1581579035	2523
1581579045	2454
1581579055	2469
1581579065	2444
1581579075	2359
1581579085	2391
1581579095	2401
1581579105	2275
1581579115	2375
1581579125	2346
1581579135	2368
1581579145	2393
1581579155	2541
1581579165	2515
1581579175	2356
1581579185	2390
1581579195	2396
1581579205	2313
1581579215	2329
1581579225	2340
1581579235	2371
1581579245	2409
1581579255	2367
1581579265	2388
1581579275	2370
1581579285	2391
1581579295	2488
1581579305	2356
1581579315	2377
1581579325	2460
1581579335	2390
1581579345	2307
1581579355	2326
1581579365	2333
1581579375	2366
1581579385	2421
1581579395	2357
1581579405	2421
1581579415	2354
1581579425	2409
1581579435	2336
1581579445	2396
1581579455	2418
1581579465	2414
1581579475	2506
1581579485	2381
1581579495	2380
1581579505	2335
1581579515	2416
1581579525	2428
1581579535	2385
1581579545	2339
1581579555	2416
1581579565	2481
1581579575	2429
1581579585	2455
1581579595	2392
1581579605	2377
1581579615	2371
1581579625	2288
1581579635	2405
1581579645	2329
1581579655	2397
1581579665	2408
1581579675	2292
1581579685	2500
1581579695	2438
1581579705	2387
1581579715	2395
1581579725	2320
1581579735	2252
1581579745	2235
1581579755	2392
1581579765	2325
1581579775	2383
1581579785	2429
1581579795	2354
1581579805	2345
1581579815	2531
1581579825	2395
1581579835	2456
1581579845	2413
1581579855	2455
1581579865	2353
1581579875	2441
1581579885	2470
1581579895	2348
1581579905	2470
1581579915	2286
1581579925	2427
1581579935	2491
1581579945	2356
1581579955	2439
1581579965	2356
1581579975	2353
1581579985	2482
1581579995	2360
1581580005	2398
1581580015	2415
1581580025	2483
1581580035	2499
1581580045	2438
1581580055	2366
1581580065	2401
1581580075	2385
1581580085	2352
1581580095	2399
1581580105	2437
1581580115	2397
1581580125	2372
1581580135	2318
1581580145	2423
1581580155	2420
1581580165	2347
1581580175	2375
1581580185	2447
1581580195	2459
1581580205	2396
1581580215	2242
1581580225	2350
1581580235	2455
1581580245	2315
1581580255	2466
1581580265	2495
1581580275	2330
1581580285	2315
1581580295	2374
1581580305	2391
1581580315	2354
1581580325	2368
1581580335	2373
1581580345	2393
1581580355	2459
1581580365	2418
1581580375	2408
1581580385	2430
1581580395	2442
1581580405	2446
1581580415	2467
1581580425	2402
1581580435	2228
1581580445	2328
1581580455	2342
1581580465	2331
1581580475	2268
1581580485	2325
1581580495	2450
1581580505	2420
1581580515	2339
1581580525	2467
1581580535	2496
1581580545	2383
1581580555	2449
1581580565	2377
1581580575	2418
1581580585	2394
1581580595	2467
1581580605	2388
1581580615	2403
1581580625	2471
1581580635	2512
1581580645	2360
1581580655	2407
1581580665	2314
1581580675	2435
1581580685	2375
1581580695	2361
1581580705	2461
1581580715	2326
1581580725	2405
1581580735	2438
1581580745	2411
1581580755	2377
1581580765	2337
1581580775	2405
1581580785	2389
1581580795	2390
1581580805	2410
1581580815	2448
1581580825	2445
1581580835	2495
1581580845	2520
1581580855	2484
1581580865	2393
1581580875	2326
1581580885	2324
1581580895	2298
1581580905	2441
1581580915	2437
1581580925	2460
1581580935	2513
1581580945	2458
1581580955	2462
1581580965	2452
1581580975	2428
1581580985	2357
1581580995	2377
1581581005	2442
1581581015	2533
1581581025	2442
1581581035	2482
1581581045	2518
1581581055	2458
1581581065	2420
1581581075	2335
1581581085	2455
1581581095	2471
1581581105	2401
1581581115	2474
1581581125	2404
1581581135	2341
1581581145	2371
1581581155	2372
1581581165	2289
1581581175	2338
1581581185	2366
1581581195	2412
1581581205	2288
1581581215	2350
1581581225	2398
1581581235	2340
1581581245	2404
1581581255	2464
1581581265	2555
1581581275	2459
1581581285	2446
1581581295	2439
1581581305	2467
1581581315	2462
1581581325	2317
1581581335	2480
1581581345	2449
1581581355	2506
1581581365	2404
1581581375	2507
1581581385	2437
1581581395	2480
1581581405	2450
1581581415	2487
1581581425	2479
1581581435	2362
1581581445	2479
1581581455	2520
1581581465	2525
1581581475	2407
1581581485	2370
1581581495	2334
1581581505	2221
1581581515	2366
1581581525	2274
1581581535	2376
1581581545	2368
1581581555	2327
1581581565	2390
1581581575	2470
1581581585	2428
1581581595	2476
1581581605	2433
1581581615	2383
1581581625	2445
1581581635	2489
1581581645	2435
1581581655	2384
1581581665	2522
1581581675	2392
1581581685	2505
1581581695	2359
1581581705	2461
1581581715	2475
1581581725	2516
1581581735	2429
1581581745	2347
1581581755	2425
1581581765	2399
1581581775	2529
1581581785	2404
1581581795	2470
1581581805	2469
1581581815	2457
1581581825	2562
1581581835	2374
1581581845	2500
1581581855	2302
1581581865	2464
1581581875	2474
1581581885	2432
1581581895	2498
1581581905	2379
1581581915	2454
1581581925	2368
1581581935	2426
1581581945	2414
1581581955	2403
1581581965	2490
1581581975	2409
1581581985	2436
1581581995	2494
1581582005	2382
1581582015	2454
1581582025	2462
1581582035	2473
1581582045	2439
1581582055	2407
1581582065	2403
1581582075	2464
1581582085	2311
1581582095	2360
1581582105	2272
1581582115	2247
1581582125	2372
1581582135	2315
1581582145	2291
1581582155	2392
1581582165	2401
1581582175	2364
1581582185	2418
1581582195	2422
1581582205	2322
1581582215	2399
1581582225	2455
1581582235	2470
1581582245	2316
1581582255	2442
1581582265	2479
1581582275	2333
1581582285	2439
1581582295	2420
1581582305	2406
1581582315	2471
1581582325	2417
1581582335	2518
1581582345	2537
1581582355	2427
1581582365	2461
1581582375	2478
1581582385	2355
1581582395	2465
1581582405	2475
1581582415	2367
1581582425	2441
1581582435	2516
1581582445	2500
1581582455	2373
1581582465	2325
1581582475	2390
1581582485	2265
1581582495	2400
1581582505	2447
1581582515	2369
1581582525	2447
1581582535	2319
1581582545	2416
1581582555	2368
1581582565	2398
1581582575	2409
1581582585	2397
1581582595	2485
1581582605	2410
1581582615	2382
1581582625	2328
1581582635	2388
1581582645	2400
1581582655	2357
1581582665	2410
1581582675	2470
1581582685	2434
1581582695	2378
1581582705	2451
1581582715	2439
1581582725	2506
1581582735	2557
1581582745	2452
1581582755	2428
1581582765	2399
1581582775	2483
1581582785	2426
1581582795	2349
1581582805	2382
1581582815	2518
1581582825	2448
1581582835	2441
1581582845	2432
1581582855	2452
1581582865	2444
1581582875	2381
1581582885	2440
1581582895	2388
1581582905	2342
1581582915	2288
1581582925	2395
1581582935	2498
1581582945	2398
1581582955	2405
1581582965	2456
1581582975	2414
1581582985	2543
1581582995	2461
1581583005	2405
1581583015	2416
1581583025	2501
1581583035	2438
1581583045	2386
1581583055	2365
1581583065	2428
1581583075	2452
1581583085	2448
1581583095	2478
1581583105	2400
1581583115	2418
1581583125	2475
1581583135	2441
1581583145	2420
1581583155	2394
1581583165	2487
1581583175	2494
1581583185	2390
1581583195	2427
1581583205	2421
1581583215	2446
1581583225	2437
1581583235	2425
1581583245	2402
1581583255	2424
1581583265	2459
1581583275	2401
1581583285	2353
1581583295	2469
1581583305	2395
1581583315	2346
1581583325	2395
1581583335	2385
1581583345	2368
1581583355	2495
1581583365	2465
1581583375	2499
1581583385	2416
1581583395	2483
1581583405	2489
1581583415	2486
1581583425	2464
1581583435	2590
1581583445	2446
1581583455	2448
1581583465	2479
1581583475	2437
1581583485	2457
1581583495	2361
1581583505	2444
1581583515	2527
1581583525	2422
1581583535	2427
1581583545	2397
1581583555	2395
1581583565	2556
1581583575	2426
1581583585	2382
1581583595	2416
1581583605	2419
1581583615	2373
1581583625	2443
1581583635	2448
1581583645	2446
1581583655	2429
1581583665	2559
1581583675	2416
1581583685	2348
1581583695	2321
1581583705	2310
1581583715	2401
1581583725	2369
1581583735	2340
1581583745	2474
1581583755	2440
1581583765	2448
1581583775	2449
1581583785	2576
1581583795	2421
1581583805	2467
1581583815	2390
1581583825	2480
1581583835	2370
1581583845	2412
1581583855	2522
1581583865	2543
1581583875	2393
1581583885	2409
1581583895	2343
1581583905	2430
1581583915	2442
1581583925	2460
1581583935	2405
1581583945	2501
1581583955	2433
1581583965	2311
1581583975	2449
1581583985	2444
1581583995	2429
1581584005	2299
1581584015	2395
1581584025	2320
1581584035	2469
1581584045	2347
1581584055	2384
1581584065	2529
1581584075	2502
1581584085	2528
1581584095	2542
1581584105	2475
1581584115	2443
1581584125	2366
1581584135	2447
1581584145	2480
1581584155	2406
1581584165	2429
1581584175	2473
1581584185	2383
1581584195	2350
1581584205	2439
1581584215	2413
1581584225	2412
1581584235	2364
1581584245	2546
1581584255	2413
1581584265	2367
1581584275	2457
1581584285	2361
1581584295	2256
1581584305	2386
1581584315	2265
1581584325	2333
1581584335	2402
1581584345	2392
1581584355	2288
1581584365	2397
1581584375	2401
1581584385	2526
1581584395	2393
1581584405	2375
1581584415	2336
1581584425	2423
1581584435	2443
1581584445	2340
1581584455	2320
1581584465	2406
1581584475	2496
1581584485	2456
1581584495	2371
1581584505	2432
1581584515	2405
1581584525	2358
1581584535	2409
1581584545	2294
1581584555	2499
1581584565	2394
1581584575	2466
1581584585	2369
1581584595	2435
1581584605	2439
1581584615	2396
1581584625	2418
1581584635	2413
1581584645	2385
1581584655	2322
1581584665	2392
1581584675	2430
1581584685	2378
1581584695	2495
1581584705	2333
1581584715	2429
1581584725	2456
1581584735	2369
1581584745	2487
1581584755	2336
1581584765	2410
1581584775	2448
1581584785	2350
1581584795	2356
1581584805	2364
1581584815	2391
1581584825	2276
1581584835	2447
1581584845	2320
1581584855	2343
1581584865	2267
1581584875	2226
1581584885	2314
1581584895	2395
1581584905	2370
1581584915	2359
1581584925	2458
1581584935	2486
1581584945	2364
1581584955	2370
1581584965	2346
1581584975	2295
1581584985	2250
1581584995	2325
1581585005	2371
1581585015	2485
1581585025	2404
1581585035	2457
1581585045	2412
1581585055	2407
1581585065	2472
1581585075	2496
1581585085	2402
1581585095	2483
1581585105	2469
1581585115	2437
1581585125	2472
1581585135	2541
1581585145	2427
1581585155	2407
1581585165	2407
1581585175	2448
1581585185	2471
1581585195	2369
1581585205	2408
1581585215	2471
1581585225	2525
1581585235	2370
1581585245	2369
1581585255	2386
1581585265	2385
1581585275	2411
1581585285	2454
1581585295	2520
1581585305	2448
1581585315	2411
1581585325	2474
1581585335	2385
1581585345	2425
1581585355	2471
1581585365	2436
1581585375	2515
1581585385	2387
1581585395	2504
1581585405	2454
1581585415	2436
1581585425	2373
1581585435	2393
1581585445	2449
1581585455	2344
1581585465	2416
1581585475	2351
1581585485	2385
1581585495	2350
1581585505	2501
1581585515	2421
1581585525	2417
1581585535	2441
1581585545	2322
1581585555	2472
1581585565	2435
1581585575	2429
1581585585	2430
1581585595	2448
1581585605	2432
1581585615	2472
1581585625	2462
1581585635	2403
1581585645	2418
1581585655	2409
1581585665	2469
1581585675	2415
1581585685	2463
1581585695	2496
1581585705	2468
1581585715	2334
1581585725	2403
1581585735	2421
1581585745	2424
1581585755	2377
1581585765	2396
1581585775	2481
1581585785	2479
1581585795	2401
1581585805	2449
1581585815	2361
1581585825	2382
1581585835	2424
1581585845	2508
1581585855	2456
1581585865	2524
1581585875	2413
1581585885	2457
1581585895	2463
1581585905	2316
1581585915	2464
1581585925	2461
1581585935	2453
1581585945	2449
1581585955	2389
1581585965	2400
1581585975	2380
1581585985	2314
1581585995	2388
1581586005	2405
1581586015	2465
1581586025	2474
1581586035	2405
1581586045	2502
1581586055	2404
1581586065	2481
1581586075	2427
1581586085	2371
1581586095	2293
1581586105	2386
1581586115	2372
1581586125	2304
1581586135	2398
1581586145	2466
1581586155	2461
1581586165	2332
1581586175	2481
1581586185	2489
1581586195	2324
1581586205	2365
1581586215	2385
1581586225	2439
1581586235	2348
1581586245	2433
1581586255	2392
1581586265	2468
1581586275	2377
1581586285	2380
1581586295	2466
1581586305	2535
1581586315	2455
1581586325	2442
1581586335	2443
1581586345	2476
1581586355	2435
1581586365	2425
1581586375	2340
1581586385	2406
1581586395	2409
1581586405	2407
1581586415	2347
1581586425	2419
1581586435	2284
1581586445	2430
1581586455	2413
1581586465	2413
1581586475	2521
1581586485	2417
1581586495	2538
1581586505	2359
1581586515	2388
1581586525	2329
1581586535	2315
1581586545	2357
1581586555	2378
1581586565	2459
1581586575	2291
1581586585	2434
1581586595	2491
1581586605	2558
1581586615	2504
1581586625	2371
1581586635	2428
1581586645	2553
1581586655	2434
1581586665	2475
1581586675	2519
1581586685	2410
1581586695	2565
1581586705	2474
1581586715	2452
1581586725	2529
1581586735	2440
1581586745	2432
1581586755	2484
1581586765	2470
1581586775	2379
1581586785	2410
1581586795	2493
1581586805	2389
1581586815	2501
1581586825	2431
1581586835	2454
1581586845	2386
1581586855	2385
1581586865	2417
1581586875	2387
1581586885	2448
1581586895	2450
1581586905	2337
1581586915	2383
1581586925	2415
1581586935	2387
1581586945	2429
1581586955	2494
1581586965	2459
1581586975	2522
1581586985	2429
1581586995	2411
1581587005	2389
1581587015	2430
1581587025	2441
1581587035	2481
1581587045	2416
1581587055	2437
1581587065	2375
1581587075	2478
1581587085	2503
1581587095	2484
1581587105	2468
1581587115	2482
1581587125	2413
1581587135	2481
1581587145	2452
1581587155	2479
1581587165	2485
1581587175	2459
1581587185	2433
1581587195	2329
1581587205	2447
1581587215	2457
1581587225	2460
1581587235	2419
1581587245	2519
1581587255	2493
1581587265	2382
1581587275	2467
1581587285	2517
1581587295	2477
1581587305	2439
1581587315	2442
1581587325	2470
1581587335	2495
1581587345	2418
1581587355	2371
1581587365	2382
1581587375	2451
1581587385	2417
1581587395	2429
1581587405	2462
1581587415	2459
1581587425	2463
1581587435	2509
1581587445	2475
1581587455	2427
1581587465	2415
1581587475	2451
1581587485	2461
1581587495	2420
1581587505	2505
1581587515	2440
1581587525	2413
1581587535	2546
1581587545	2540
1581587555	2509
1581587565	2438
1581587575	2391
1581587585	2396
1581587595	2304
1581587605	2346
1581587615	2441
1581587625	2397
1581587635	2334
1581587645	2460
1581587655	2500
1581587665	2394
1581587675	2450
1581587685	2396
1581587695	2428
1581587705	2418
1581587715	2536
1581587725	2416
1581587735	2437
1581587745	2416
1581587755	2503
1581587765	2400
1581587775	2459
1581587785	2385
1581587795	2402
1581587805	2375
1581587815	2504
1581587825	2366
1581587835	2436
1581587845	2396
1581587855	2407
1581587865	2460
1581587875	2376
1581587885	2404
1581587895	2495
1581587905	2504
1581587915	2490
1581587925	2487
1581587935	2492
1581587945	2463
1581587955	2431
1581587965	2382
1581587975	2419
1581587985	2527
1581587995	2377
1581588005	2404
1581588015	2377
1581588025	2337
1581588035	2364
1581588045	2336
1581588055	2273
1581588065	2384
1581588075	2286
1581588085	2367
1581588095	2416
1581588105	2391
1581588115	2336
1581588125	2361
1581588135	2442
1581588145	2424
1581588155	2382
1581588165	2562
1581588175	2435
1581588185	2482
1581588195	2424
1581588205	2475
1581588215	2468
1581588225	2436
1581588235	2416
1581588245	2453
1581588255	2429
1581588265	2416
1581588275	2462
1581588285	2515
1581588295	2401
1581588305	2487
1581588315	2456
1581588325	2453
1581588335	2462
1581588345	2469
1581588355	2405
1581588365	2445
1581588375	2360
1581588385	2316
1581588395	2433
1581588405	2363
1581588415	2360
1581588425	2483
1581588435	2417
1581588445	2410
1581588455	2396
1581588465	2457
1581588475	2421
1581588485	2357
1581588495	2419
1581588505	2400
1581588515	2471
1581588525	2380
1581588535	2330
1581588545	2343
1581588555	2436
1581588565	2449
1581588575	2506
1581588585	2363
1581588595	2428
1581588605	2361
1581588615	2404
1581588625	2386
1581588635	2419
1581588645	2475
1581588655	2444
1581588665	2436
1581588675	2459
1581588685	2485
1581588695	2409
1581588705	2367
1581588715	2345
1581588725	2387
1581588735	2322
1581588745	2390
1581588755	2421
1581588765	2434
1581588775	2362
1581588785	2560
1581588795	2479
1581588805	2522
1581588815	2367
1581588825	2436
1581588835	2519
1581588845	2355
1581588855	2437
1581588865	2399
1581588875	2410
1581588885	2555
1581588895	2474
1581588905	2378
1581588915	2348
1581588925	2448
1581588935	2510
1581588945	2506
1581588955	2474
1581588965	2493
1581588975	2465
1581588985	2481
1581588995	2521
1581589005	2337
1581589015	2536
1581589025	2501
1581589035	2491
1581589045	2428
1581589055	2434
1581589065	2434
1581589075	2478
1581589085	2498
1581589095	2435
1581589105	2441
1581589115	2385
1581589125	2386
1581589135	2339
1581589145	2397
1581589155	2413
1581589165	2418
1581589175	2481
1581589185	2484
1581589195	2391
1581589205	2465
1581589215	2525
1581589225	2438
1581589235	2394
1581589245	2485
1581589255	2314
1581589265	2292
1581589275	2366
1581589285	2385
1581589295	2476
1581589305	2350
1581589315	2411
1581589325	2459
1581589335	2422
1581589345	2488
1581589355	2382
1581589365	2378
1581589375	2361
1581589385	2279
1581589395	2336
1581589405	2392
1581589415	2384
1581589425	2343
1581589435	2430
1581589445	2491
1581589455	2474
1581589465	2479
1581589475	2518
1581589485	2536
1581589495	2404
1581589505	2441
1581589515	2429
1581589525	2479
1581589535	2469
1581589545	2357
1581589555	2431
1581589565	2451
1581589575	2398
1581589585	2333
1581589595	2447
1581589605	2474
1581589615	2448
1581589625	2453
1581589635	2346
1581589645	2357
1581589655	2363
1581589665	2513
1581589675	2421
1581589685	2496
1581589695	2493
1581589705	2515
1581589715	2495
1581589725	2446
1581589735	2429
1581589745	2372
1581589755	2300
1581589765	2417
1581589775	2314
1581589785	2311
1581589795	2307
1581589805	2360
1581589815	2371
1581589825	2366
1581589835	2372
1581589845	2423
1581589855	2290
1581589865	2474
1581589875	2306
1581589885	2483
1581589895	2416
1581589905	2395
1581589915	2282
1581589925	2406
1581589935	2491
1581589945	2504
1581589955	2412
1581589965	2547
1581589975	2347
1581589985	2416
1581589995	2339
1581590005	2401
1581590015	2510
1581590025	2450
1581590035	2356
1581590045	2469
1581590055	2453
1581590065	2505
1581590075	2540
1581590085	2477
1581590095	2395
1581590105	2476
1581590115	2469
1581590125	2444
1581590135	2395
1581590145	2396
1581590155	2418
1581590165	2461
1581590175	2466
1581590185	2418
1581590195	2476
1581590205	2425
1581590215	2395
1581590225	2410
1581590235	2423
1581590245	2404
1581590255	2282
1581590265	2395
1581590275	2379
1581590285	2486
1581590295	2433
1581590305	2421
1581590315	2469
1581590325	2437
1581590335	2408
1581590345	2343
1581590355	2441
1581590365	2467
1581590375	2413
1581590385	2350
1581590395	2345
1581590405	2315
1581590415	2286
1581590425	2427
1581590435	2465
1581590445	2435
1581590455	2338
1581590465	2397
1581590475	2404
1581590485	2348
1581590495	2466
1581590505	2479
1581590515	2447
1581590525	2386
1581590535	2476
1581590545	2432
1581590555	2512
1581590565	2455
1581590575	2423
1581590585	2421
1581590595	2374
1581590605	2426
1581590615	2373
1581590625	2470
1581590635	2400
1581590645	2461
1581590655	2398
1581590665	2372
1581590675	2473
1581590685	2466
1581590695	2387
1581590705	2393
1581590715	2518
1581590725	2416
1581590735	2390
1581590745	2484
1581590755	2529
1581590765	2415
1581590775	2369
1581590785	2461
1581590795	2464
1581590805	2469
1581590815	2366
1581590825	2453
1581590835	2433
1581590845	2487
1581590855	2523
1581590865	2452
1581590875	2411
1581590885	2361
1581590895	2438
1581590905	2382
1581590915	2334
1581590925	2347
1581590935	2408
1581590945	2407
1581590955	2397
1581590965	2340
1581590975	2386
1581590985	2244
1581590995	2370
1581591005	2408
1581591015	2368
1581591025	2511
1581591035	2458
1581591045	2434
1581591055	2309
1581591065	2332
1581591075	2423
1581591085	2407
1581591095	2404
1581591105	2463
1581591115	2355
1581591125	2403
1581591135	2389
1581591145	2420
1581591155	2424
1581591165	2325
1581591175	2513
1581591185	2414
1581591195	2379
1581591205	2376
1581591215	2435
1581591225	2422
1581591235	2426
1581591245	2425
1581591255	2439
1581591265	2387
1581591275	2342
1581591285	2359
1581591295	2322
1581591305	2301
1581591315	2344
1581591325	2309
1581591335	2281
1581591345	2377
1581591355	2367
1581591365	2453
1581591375	2413
1581591385	2420
1581591395	2412
1581591405	2370
1581591415	2455
1581591425	2403
1581591435	2413
1581591445	2290
1581591455	2251
1581591465	2392
1581591475	2373
1581591485	2423
1581591495	2433
1581591505	2467
1581591515	2470
1581591525	2414
1581591535	2466
1581591545	2401
1581591555	2464
1581591565	2397
1581591575	2428
1581591585	2513
1581591595	2403
1581591605	2425
1581591615	2458
1581591625	2328
1581591635	2402
1581591645	2400
1581591655	2467
1581591665	2420
1581591675	2444
1581591685	2503
1581591695	2417
1581591705	2493
1581591715	2343
1581591725	2419
1581591735	2547
1581591745	2470
1581591755	2365
1581591765	2560
1581591775	2447
1581591785	2450
1581591795	2428
1581591805	2446
1581591815	2364
1581591825	2307
1581591835	2421
1581591845	2428
1581591855	2426
1581591865	2504
1581591875	2403
1581591885	2502
1581591895	2396
1581591905	2411
1581591915	2413
1581591925	2372
1581591935	2411
1581591945	2346
1581591955	2370
1581591965	2489
1581591975	2330
1581591985	2400
1581591995	2537
1581592005	2339
1581592015	2412
1581592025	2414
1581592035	2379
1581592045	2422
1581592055	2460
1581592065	2461
1581592075	2541
1581592085	2475
1581592095	2330
1581592105	2443
1581592115	2345
1581592125	2397
1581592135	2359
1581592145	2422
1581592155	2434
1581592165	2433
1581592175	2415
1581592185	2377
1581592195	2429
1581592205	2413
1581592215	2447
1581592225	2455
1581592235	2339
1581592245	2354
1581592255	2383
1581592265	2371
1581592275	2405
1581592285	2413
1581592295	2506
1581592305	2389
1581592315	2430
1581592325	2423
1581592335	2466
1581592345	2503
1581592355	2463
1581592365	2366
1581592375	2379
1581592385	2333
1581592395	2295
1581592405	2318
1581592415	2384
1581592425	2482
1581592435	2360
1581592445	2496
1581592455	2536
1581592465	2357
1581592475	2410
1581592485	2365
1581592495	2399
1581592505	2393
1581592515	2301
1581592525	2409
1581592535	2448
1581592545	2417
1581592555	2422
1581592565	2351
1581592575	2440
1581592585	2426
1581592595	2478
1581592605	2397
1581592615	2319
1581592625	2464
1581592635	2408
1581592645	2508
1581592655	2557
1581592665	2487
1581592675	2486
1581592685	2483
1581592695	2435
1581592705	2384
1581592715	2435
1581592725	2495
1581592735	2423
1581592745	2417
1581592755	2369
1581592765	2427
1581592775	2389
1581592785	2306
1581592795	2282
1581592805	2280
1581592815	2254
1581592825	2385
1581592835	2320
1581592845	2477
1581592855	2363
1581592865	2309
1581592875	2546
1581592885	2467
1581592895	2346
1581592905	2371
1581592915	2423
1581592925	2462
1581592935	2493
1581592945	2480
1581592955	2425
1581592965	2465
1581592975	2494
1581592985	2457
1581592995	2438
1581593005	2441
1581593015	2467
1581593025	2327
1581593035	2452
1581593045	2306
1581593055	2416
1581593065	2450
1581593075	2521
1581593085	2376
1581593095	2398
1581593105	2369
1581593115	2467
1581593125	2404
1581593135	2457
1581593145	2424
1581593155	2478
1581593165	2426
1581593175	2444
1581593185	2431
1581593195	2400
1581593205	2582
1581593215	2483
1581593225	2442
1581593235	2488
1581593245	2388
1581593255	2439
1581593265	2487
1581593275	2476
1581593285	2474
1581593295	2471
1581593305	2334
1581593315	2327
1581593325	2337
1581593335	2279
1581593345	2474
1581593355	2451
1581593365	2445
1581593375	2379
1581593385	2417
1581593395	2431
1581593405	2468
1581593415	2507
1581593425	2467
1581593435	2438
1581593445	2482
1581593455	2546
1581593465	2505
1581593475	2418
1581593485	2467
1581593495	2470
1581593505	2522
1581593515	2456
1581593525	2472
1581593535	2355
1581593545	2493
1581593555	2400
1581593565	2491
1581593575	2453
1581593585	2404
1581593595	2448
1581593605	2383
1581593615	2399
1581593625	2460
1581593635	2530
1581593645	2454
1581593655	2470
1581593665	2447
1581593675	2508
1581593685	2529
1581593695	2380
1581593705	2371
1581593715	2498
1581593725	2463
1581593735	2410
1581593745	2485
1581593755	2385
1581593765	2363
1581593775	2303
1581593785	2362
1581593795	2349
1581593805	2463
1581593815	2450
1581593825	2474
1581593835	2473
1581593845	2393
1581593855	2323
1581593865	2427
1581593875	2474
1581593885	2387
1581593895	2468
1581593905	2329
1581593915	2568
1581593925	2498
1581593935	2364
1581593945	2392
1581593955	2476
1581593965	2405
1581593975	2427
1581593985	2381
1581593995	2433
1581594005	2451
1581594015	2340
1581594025	2502
1581594035	2479
1581594045	2447
1581594055	2381
1581594065	2472
1581594075	2516
1581594085	2452
1581594095	2476
1581594105	2481
1581594115	2425
1581594125	2443
1581594135	2392
1581594145	2460
1581594155	2429
1581594165	2473
1581594175	2459
1581594185	2460
1581594195	2410
1581594205	2419
1581594215	2497
1581594225	2484
1581594235	2477
1581594245	2453
1581594255	2491
1581594265	2393
1581594275	2494
1581594285	2415
1581594295	2411
1581594305	2391
1581594315	2403
1581594325	2349
1581594335	2515
1581594345	2498
1581594355	2397
1581594365	2416
1581594375	2471
1581594385	2533
1581594395	2372
1581594405	2415
1581594415	2374
1581594425	2327
1581594435	2420
1581594445	2455
1581594455	2552
1581594465	2489
1581594475	2480
1581594485	2430
1581594495	2380
1581594505	2461
1581594515	2423
1581594525	2504
1581594535	2391
1581594545	2382
1581594555	2427
1581594565	2458
1581594575	2460
1581594585	2451
1581594595	2484
1581594605	2513
1581594615	2419
1581594625	2455
1581594635	2408
1581594645	2552
1581594655	2368
1581594665	2397
1581594675	2399
1581594685	2458
1581594695	2472
1581594705	2383
1581594715	2461
1581594725	2495
1581594735	2434
1581594745	2443
1581594755	2400
1581594765	2495
1581594775	2448
1581594785	2356
1581594795	2511
1581594805	2362
1581594815	2349
1581594825	2460
1581594835	2425
1581594845	2589
1581594855	2441
1581594865	2423
1581594875	2473
1581594885	2408
1581594895	2349
1581594905	2430
1581594915	2450
1581594925	2370
1581594935	2441
1581594945	2438
1581594955	2347
1581594965	2510
1581594975	2360
1581594985	2423
1581594995	2442
1581595005	2354
1581595015	2477
1581595025	2508
1581595035	2470
1581595045	2386
1581595055	2408
1581595065	2358
1581595075	2362
1581595085	2325
1581595095	2405
1581595105	2332
1581595115	2405
1581595125	2438
1581595135	2456
1581595145	2399
1581595155	2426
1581595165	2419
1581595175	2434
1581595185	2432
1581595195	2519
1581595205	2424
1581595215	2488
1581595225	2366
1581595235	2458
1581595245	2425
1581595255	2431
1581595265	2360
1581595275	2353
1581595285	2486
1581595295	2420
1581595305	2359
1581595315	2407
1581595325	2445
1581595335	2450
1581595345	2435
1581595355	2429
1581595365	2395
1581595375	2483
1581595385	2447
1581595395	2412
1581595405	2513
1581595415	2499
1581595425	2437
1581595435	2459
1581595445	2358
1581595455	2426
1581595465	2486
1581595475	2426
1581595485	2452
1581595495	2435
1581595505	2524
1581595515	2500
1581595525	2491
1581595535	2494
1581595545	2366
1581595555	2358
1581595565	2342
1581595575	2409
1581595585	2465
1581595595	2424
1581595605	2576
1581595615	2482
1581595625	2425
1581595635	2334
1581595645	2332
1581595655	2465
1581595665	2478
1581595675	2538
1581595685	2484
1581595695	2467
1581595705	2355
1581595715	2387
1581595725	2322
1581595735	2371
1581595745	2453
1581595755	2527
1581595765	2377
1581595775	2459
1581595785	2407
1581595795	2408
1581595805	2352
1581595815	2387
1581595825	2391
1581595835	2387
1581595845	2413
1581595855	2438
1581595865	2444
1581595875	2529
1581595885	2414
1581595895	2350
1581595905	2449
1581595915	2488
1581595925	2467
1581595935	2379
1581595945	2366
1581595955	2353
1581595965	2367
1581595975	2461
1581595985	2398
1581595995	2403
1581596005	2351
1581596015	2402
1581596025	2390
1581596035	2446
1581596045	2519
1581596055	2474
1581596065	2414
1581596075	2443
1581596085	2479
1581596095	2391
1581596105	2379
1581596115	2440
1581596125	2511
1581596135	2484
1581596145	2402
1581596155	2442
1581596165	2529
1581596175	2479
1581596185	2341
1581596195	2391
1581596205	2337
1581596215	2284
1581596225	2306
1581596235	2368
1581596245	2453
1581596255	2423
1581596265	2460
1581596275	2391
1581596285	2380
1581596295	2399
1581596305	2454
1581596315	2455
1581596325	2469
1581596335	2526
1581596345	2472
1581596355	2376
1581596365	2452
1581596375	2375
1581596385	2306
1581596395	2395
1581596405	2314
1581596415	2317
1581596425	2329
1581596435	2266
1581596445	2439
1581596455	2371
1581596465	2542
1581596475	2462
1581596485	2438
1581596495	2456
1581596505	2467
1581596515	2435
1581596525	2528
1581596535	2484
1581596545	2453
1581596555	2410
1581596565	2419
1581596575	2531
1581596585	2371
1581596595	2361
1581596605	2342
1581596615	2250
1581596625	2372
1581596635	2435
1581596645	2384
1581596655	2418
1581596665	2411
1581596675	2430
1581596685	2433
1581596695	2519
1581596705	2418
1581596715	2458
1581596725	2388
1581596735	2355
1581596745	2412
1581596755	2389
1581596765	2438
1581596775	2484
1581596785	2505
1581596795	2351
1581596805	2341
1581596815	2356
1581596825	2372
1581596835	2395
1581596845	2499
1581596855	2413
1581596865	2475
1581596875	2438
1581596885	2467
1581596895	2290
1581596905	2354
1581596915	2505
1581596925	2402
1581596935	2427
1581596945	2531
1581596955	2364
1581596965	2457
1581596975	2456
1581596985	2517
1581596995	2362
1581597005	2427
1581597015	2402
1581597025	2347
1581597035	2390
1581597045	2337
1581597055	2367
1581597065	2432
1581597075	2414
1581597085	2446
1581597095	2415
1581597105	2509
1581597115	2361
1581597125	2442
1581597135	2407
1581597145	2394
1581597155	2331
1581597165	2292
1581597175	2358
1581597185	2439
1581597195	2439
1581597205	2443
1581597215	2531
1581597225	2509
1581597235	2422
1581597245	2531
1581597255	2449
1581597265	2396
1581597275	2368
1581597285	2352
1581597295	2414
1581597305	2457
1581597315	2405
1581597325	2443
1581597335	2468
1581597345	2499
1581597355	2564
1581597365	2426
1581597375	2484
1581597385	2491
1581597395	2427
1581597405	2397
1581597415	2280
1581597425	2235
1581597435	2273
1581597445	2393
1581597455	2357
1581597465	2398
1581597475	2383
1581597485	2313
1581597495	2387
1581597505	2362
1581597515	2452
1581597525	2400
1581597535	2310
1581597545	2410
1581597555	2516
1581597565	2457
1581597575	2397
1581597585	2438
1581597595	2407
1581597605	2479
1581597615	2465
1581597625	2518
1581597635	2441
1581597645	2452
1581597655	2450
1581597665	2422
1581597675	2469
1581597685	2421
1581597695	2393
1581597705	2429
1581597715	2349
1581597725	2406
1581597735	2414
1581597745	2428
1581597755	2453
1581597765	2458
1581597775	2370
1581597785	2469
1581597795	2502
1581597805	2402
1581597815	2372
1581597825	2451
1581597835	2433
1581597845	2419
1581597855	2466
1581597865	2482
1581597875	2474
1581597885	2491
1581597895	2460
1581597905	2376
1581597915	2448
1581597925	2463
1581597935	2497
1581597945	2411
1581597955	2353
1581597965	2265
1581597975	2322
1581597985	2486
1581597995	2432
1581598005	2448
1581598015	2301
1581598025	2475
1581598035	2404
1581598045	2409
1581598055	2479
1581598065	2432
1581598075	2410
1581598085	2337
1581598095	2297
1581598105	2376
1581598115	2446
1581598125	2553
1581598135	2468
1581598145	2531
1581598155	2464
1581598165	2374
1581598175	2532
1581598185	2429
1581598195	2443
1581598205	2366
1581598215	2378
1581598225	2419
1581598235	2524
1581598245	2394
1581598255	2403
1581598265	2381
1581598275	2441
1581598285	2484
1581598295	2425
1581598305	2466
1581598315	2510
1581598325	2335
1581598335	2375
1581598345	2405
1581598355	2473
1581598365	2425
1581598375	2387
1581598385	2517
1581598395	2496
1581598405	2513
1581598415	2366
1581598425	2473
1581598435	2459
1581598445	2467
1581598455	2406
1581598465	2482
1581598475	2424
1581598485	2483
1581598495	2403
1581598505	2372
1581598515	2510
1581598525	2452
1581598535	2438
1581598545	2412
1581598555	2450
1581598565	2432
1581598575	2512
1581598585	2518
1581598595	2473
1581598605	2410
1581598615	2433
1581598625	2470
1581598635	2363
1581598645	2368
1581598655	2401
1581598665	2491
1581598675	2381
1581598685	2436
1581598695	2454
1581598705	2497
1581598715	2492
1581598725	2450
1581598735	2515
1581598745	2504
1581598755	2378
1581598765	2423
1581598775	2341
1581598785	2359
1581598795	2352
1581598805	2272
1581598815	2389
1581598825	2374
1581598835	2365
1581598845	2387
1581598855	2420
1581598865	2485
1581598875	2449
1581598885	2406
1581598895	2404
1581598905	2476
1581598915	2408
1581598925	2415
1581598935	2378
1581598945	2411
1581598955	2431
1581598965	2481
1581598975	2476
1581598985	2505
1581598995	2532
1581599005	2543
1581599015	2438
1581599025	2330
1581599035	2381
1581599045	2431
1581599055	2401
1581599065	2509
1581599075	2440
1581599085	2389
1581599095	2365
1581599105	2503
1581599115	2469
1581599125	2506
1581599135	2396
1581599145	2534
1581599155	2453
1581599165	2371
1581599175	2408
1581599185	2408
1581599195	2308
1581599205	2345
1581599215	2364
1581599225	2489
1581599235	2419
1581599245	2518
1581599255	2398
1581599265	2544
1581599275	2461
1581599285	2437
1581599295	2377
1581599305	2446
1581599315	2470
1581599325	2414
1581599335	2439
1581599345	2489
1581599355	2333
1581599365	2426
1581599375	2437
1581599385	2402
1581599395	2459
1581599405	2387
1581599415	2446
1581599425	2416
1581599435	2480
1581599445	2432
1581599455	2453
1581599465	2470
1581599475	2414
1581599485	2523
1581599495	2398
1581599505	2458
1581599515	2442
1581599525	2364
1581599535	2454
1581599545	2341
1581599555	2493
1581599565	2404
1581599575	2400
1581599585	2384
1581599595	2431
1581599605	2309
1581599615	2418
1581599625	2438
1581599635	2434
1581599645	2394
1581599655	2457
1581599665	2493
1581599675	2508
1581599685	2395
1581599695	2404
1581599705	2394
1581599715	2417
1581599725	2380
1581599735	2468
1581599745	2360
1581599755	2500
1581599765	2423
1581599775	2424
1581599785	2492
1581599795	2392
1581599805	2384
1581599815	2468
1581599825	2397
1581599835	2517
1581599845	2454
1581599855	2459
1581599865	2420
1581599875	2453
1581599885	2452
1581599895	2339
1581599905	2377
1581599915	2446
1581599925	2349
1581599935	2412
1581599945	2387
1581599955	2363
1581599965	2359
1581599975	2485
1581599985	2424
1581599995	2352
1581600005	2321
1581600015	2354
1581600025	2390
1581600035	2454
1581600045	2510
1581600055	2443
1581600065	2381
1581600075	2344
1581600085	2432
1581600095	2307
1581600105	2411
1581600115	2435
1581600125	2398
1581600135	2485
1581600145	2406
1581600155	2380
1581600165	2428
1581600175	2503
1581600185	2389
1581600195	2320
1581600205	2429
1581600215	2317
1581600225	2344
1581600235	2356
1581600245	2376
1581600255	2332
1581600265	2369
1581600275	2416
1581600285	2447
1581600295	2487
1581600305	2497
1581600315	2490
1581600325	2433
1581600335	2475
1581600345	2353
1581600355	2474
1581600365	2399
1581600375	2540
1581600385	2433
1581600395	2456
1581600405	2432
1581600415	2444
1581600425	2558
1581600435	2307
1581600445	2385
1581600455	2396
1581600465	2348
1581600475	2371
1581600485	2382
1581600495	2491
1581600505	2395
1581600515	2378
1581600525	2368
1581600535	2413
1581600545	2378
1581600555	2520
1581600565	2574
1581600575	2434
1581600585	2318
1581600595	2278
1581600605	2379
1581600615	2505
1581600625	2471
1581600635	2462
1581600645	2482
1581600655	2503
1581600665	2374
1581600675	2481
1581600685	2408
1581600695	2481
1581600705	2397
1581600715	2442
1581600725	2414
1581600735	2477
1581600745	2432
1581600755	2396
1581600765	2482
1581600775	2422
1581600785	2478
1581600795	2400
1581600805	2421
1581600815	2344
1581600825	2474
1581600835	2384
1581600845	2406
1581600855	2530
1581600865	2427
1581600875	2469
1581600885	2445
1581600895	2383
1581600905	2425
1581600915	2437
1581600925	2468
1581600935	2496
1581600945	2388
1581600955	2450
1581600965	2368
1581600975	2497
1581600985	2307
1581600995	2530
1581601005	2375
1581601015	2485
1581601025	2350
1581601035	2423
1581601045	2473
1581601055	2375
1581601065	2381
1581601075	2452
1581601085	2422
1581601095	2553
1581601105	2338
1581601115	2516
1581601125	2513
1581601135	2338
1581601145	2518
1581601155	2503
1581601165	2488
1581601175	2460
1581601185	2379
1581601195	2362
1581601205	2324
1581601215	2261
1581601225	2446
1581601235	2434
1581601245	2385
1581601255	2424
1581601265	2420
1581601275	2448
1581601285	2341
1581601295	2403
1581601305	2488
1581601315	2450
1581601325	2379
1581601335	2395
1581601345	2445
1581601355	2466
1581601365	2426
1581601375	2346
1581601385	2532
1581601395	2408
1581601405	2518
1581601415	2451
1581601425	2431
1581601435	2396
1581601445	2510
1581601455	2446
1581601465	2450
1581601475	2392
1581601485	2456
1581601495	2452
1581601505	2445
1581601515	2411
1581601525	2493
1581601535	2467
1581601545	2466
1581601555	2429
1581601565	2387
1581601575	2368
1581601585	2420
1581601595	2416
1581601605	2327
1581601615	2389
1581601625	2427
1581601635	2522
1581601645	2392
1581601655	2503
1581601665	2415
1581601675	2475
1581601685	2483
1581601695	2450
1581601705	2373
1581601715	2311
1581601725	2423
1581601735	2401
1581601745	2368
1581601755	2336
1581601765	2394
1581601775	2298
1581601785	2360
1581601795	2311
1581601805	2286
1581601815	2471
1581601825	2450
1581601835	2451
1581601845	2412
1581601855	2455
1581601865	2463
1581601875	2366
1581601885	2439
1581601895	2455
1581601905	2489
1581601915	2438
1581601925	2590
1581601935	2481
1581601945	2413
1581601955	2372
1581601965	2432
1581601975	2388
1581601985	2395
1581601995	2410
1581602005	2459
1581602015	2335
1581602025	2496
1581602035	2432
1581602045	2400
1581602055	2442
1581602065	2465
1581602075	2368
1581602085	2516
1581602095	2453
1581602105	2404
1581602115	2429
1581602125	2525
1581602135	2297
1581602145	2504
1581602155	2386
1581602165	2389
1581602175	2398
1581602185	2390
1581602195	2304
1581602205	2484
1581602215	2431
1581602225	2420
1581602235	2499
